#
#	These puzzles are from Rachel Benns wonderful site:
#
#		http://www.playtsunami.com
#

[Aleksandra]
Author Aleksandra
Site http://www.playtsunami.com/
x 3 1 7 1,3,3,1 2,1,5,4 2,1,3,1,1 2,1,5,1,1 1,3,3,1,1 3,4 1,3,1 10,1 1,3,4 1,4,3,1,1 1,1,1,3,1,1 1,1,1,3,1,1 1,4,3,4 1,3,1 14 1,1 3
y 5,10 3,1,1 1,4,1 5,1,1,1,1 1,1,1,1,1,1 2,2,1,4,1 1,1,1,1 16 16 1,16,1 3,3 1,1,5,5,1,1 1,1,1,1,1,1 3,4,3 5,5

[Arachnaphoebia]
Author Andy G.
Site http://www.playtsunami.com/
x 2,1 1,1 2,1 4,1,1,4 2,2,1,1,2 3,3 9 2,5,4 2,3,5,3 4,1,4,4,1 4,6 4,1,9,1 6,10 9,4 9 1,8 3,2,1,1,3 5,1,2 1,1 1,1
y 1 1,1,1 1,5,1 1,7,2 1,2,6,1 1,1,2,4,1 1,1,1,3,1 1,1,4,4,1 1,4,2,1 2,5,6 8,5,1 13 4,5,2 3,1,2,4,3 2,1,5,1,1 1,1,5,1,2 1,7,1 1,2,2,1 1,1,1,1 1,1,1,1

[Baker]
Author K&S
Site http://www.playtsunami.com/
x 5,2 3,2,1 2,1,1,3 1,2,5,3,1,1 1,3,4,3,3 2,4,2,5,2 1,2,1,2,1,2 2,3,2,1,1,3,2 1,2,1,2,1,1,2,1 1,1,2,1,1,1,1,1 1,3,1,2,1,1,1,3 2,3,1,1,2,1,2,3 2,2,15 1,1,2,10 1,4,14 2,4,8,4 1,5,4,2,1 2,2,1,3 2,2,1,1 2,2,2
y 7 4,1,5 2,1,3 1,1,1,1,2 2,1,4,2,1,2 1,10,2,1 1,2,5,1 1,3,4 2,1,2,1 1,1,3,1,2 6,4,4 3,5 1,2,6 2,1,1,1,1,3 1,2,6 2,9 1,5 2,9 3,3 1,2,4 2,8 5,6 3,1,14 1,1,1,1,6,1,1 1,1,4,1,1,1

[Batman]
Author A Rival Website
Site http://www.playtsunami.com/
x 7 20 4,14 2,4,2,3 1,4,2,2 1,6,1,1,1 1,6,2,1,1 1,11,1,1 1,6,2,1,1 1,6,1,1,1 1,4,2,2 2,4,2,3 4,14 20 7 11,7 1,1,1,1,4,6 12,6 1,1,9,5 14,4
y 1,1 2,2,5 3,5,3,1,1,1 4,4,5 2,5,2,1,1,1 1,9,1,5 13,1,3 13,5 13,1,3 2,5,2,5 3,1,3,5 4,1,4,5 2,7,2,4 3,3,4,2 3,1,6,1 3,7 3,5,8 4,9 5,10 20

[Big Bad Wolf]
Author Bikermum
Site http://www.playtsunami.com/
x 2 4 3,2 7 7 13,1 4,6,2 9,2 8,2 5,3,3 7,3 9 10 11 10
y 1,1 2,2 7 8 9 1,2,5 10 11 7,4 7,5 7,6 7,3,3 2,3,3,3 4,2,2 2,2,2

[Black Eyes]
Author Anna
Site http://www.playtsunami.com/
x 4,6 6,3 5,2,2 3,5,1 2,2,2,2 1,3,1 1,1,1,1 1,2,1 1,1,1,1 1,3,1 2,2,2,2 4,5,1 5,2,2 6,3 4,6
y 4,4 15 5,5 3,4 2,2 2,1,1,2 1,3,3,1 1,1,2,2,1,1 1,4,4,1 1,3,3,1 2,1,1,2 1,3,1 2,1,2 3,3 7

[Boy]
Author Tina
Site http://www.playtsunami.com/
x 3,2,2 10 3,2,1,2 8,1,1 1,2,1 1,1 3,1,3 6,1,4 3,3,4 1,1,4 1,1,1,1,3,1 1,1,7 1,1,1,3,1 6,3 1,5 8 1,1,5 1,4,2 1,1,2 2
y 1,8 3,3,1,1,1 4,3,1,2,1 5,2,1 1,1,1,1 4,1,2,1 4,1,1 1,1,4,1,1 2,1,3,1,4 6,3,1,1,1 1,6,6 1,11,1 1,6,7 1,3,2,5 1,1,3

[Canadian Flag With A Twis]
Author Amanda Rox!
Site http://www.playtsunami.com/
x 10 10 10 10 10 0 6 8 2,3 3,2 2,2 2,2 0 0 0 10 10 10 10 10
y 5,3,5 5,5,5 5,4,5 5,2,5 5,2,5 5,2,5 5,2,5 5,3,5 5,5,5 5,4,5

[Cat]
Author Kat
Site http://www.playtsunami.com/
x 4,6 6,2,3,2 1,4,1,7,1 2,3,1,4 1,4,1,1 4,3 4 5,5 5,4,9 3,18 3,16 3,18 5,4,11 5,9 7 4 1 1,5,2 1,6,1,8 1,4,2,1,1 7,1,1,6 4,3,1 6,1,1,1,6 5,3,1 1,1,1,6
y 4,1,1 2,1,1,1,1,1 3,2,1,1 6,2,2 6,2,2 4,7,3 1,1,1,5 7,7 1,1,3,3,9 1,7,2,1,2 5,4,2 3,4,2 3 2,3,3 3,4,1,1 2,4,7 2,6,1 2,6,8 2,7,1 3,7,1,1,1,1 2,8,1,1,1,1 1,10,1,1,1,1 1,11,1,1,1,1 2,11,1,1,1,1 3,12,1,1,1,1

[Chess]
Author Mariska
Site http://www.playtsunami.com/
x 3,5,3 1,2,1,1,2,1 2,3,2 1,2,1,2,1 1,1,3,1,1 1,1,1,1 1,1,5,1,1 1,1,1,1,1,1,1 1,1,1,1 1,1,3,1,1,1 1,1,1,3,1,1 1,2,2,1 2,3,1,2 1,4,6,1 3,3
y 3,3 1,11,1 2,2 1,9,1 1,1,1 2,2,2,2 1,1,1,1,1,1 1,3,2,2,2 1,1,1,1,1,1 2,2,2,2 1,1,1 1,9,1 2,2 1,11,1 3,3

[Cobra]
Author Eva
Site http://www.playtsunami.com/
x 3 1,3 7,4 2,4,6 9,2,4 9,1,4 5,1,2,3 3,2,1,2,2 2,2,1,4,1 4,2,4,1 1,1,3,2 1,2,2 4,1,3,2 8,3,1,2,2 4,9,2,2 3,2,9,1,3 5,5,4,3 11,6,1 9,3,2 3,3,2,1,2,1 1,1,1,2,3,1 3,1,6,2 3,4,3 7,4 1,2,4
y 3,4 1,3,7 7,7 2,4,6 9,3,4,1 9,2,1,3,2 5,1,2,1,3,1 3,2,3,3,1 2,2,6,1 4,5,3 1,4,4 3,2 3 3,2 3,1 3,2 5,3,2 4,2,1,2,1 3,3,3,2,1 2,8,2,2 2,4,3,3,3 4,3,3,3,2 5,9,3,3 6,6,2,4 7,6

[Cube]
Author Lazyjones
Site http://www.playtsunami.com/
x 7 2,2 1,1,1,1 7,1 1,1,1,1 1,1,1,1 1,7 1,1,1,1 2,2 7
y 7 2,2 1,1,1,1 7,1 1,1,1,1 1,1,1,1 1,7 1,1,1,1 2,2 7

[Dog]
Author T0pc4t
Site http://www.playtsunami.com/
x 4,1 7 8 6,2 7 10 12 8,3 8,1 11 14 8,3 11 1,9 1,1,2,3 2,1,1 2,1,1 1,1,2,2 1,8 5,3
y 1,1 5,4,1 8,2,1 10,1 10,1,1,1 11,1 13,2,1 15,2 19 3,4,2,2,2 4,2,2,2,2 3,2,2,2,2 3,2,2,2,2 2,2,2,2 2,2,2

[Down, Boy]
Author Dom
Site http://www.playtsunami.com/
x 2 1,2,1 6,3 2,1,2 2,2 6 2 1,2 1 1,1,1 4 4,1 4 1,2 4,2 3,4 5,4 3,1,1 4,1 1
y 3,1,1,3 1,3,1,5 3,1,7 3,3,1,1,1 1,1,2,1,3 1,3,3 3,7 5,5 4,1,2 1,1,2,4

[Early Bird]
Author Dees
Site http://www.playtsunami.com/
x 0 6 3 4,5 6 4,5 6 8 8 8,1 11 1,7,1 1,7,1 3,9 12 3,9 9 6 1 0
y 0 1,1,1 4 4 2,1,2 4,5 7,5 8,5 1,6,6 1,2,12 1,1,12 1,1,12 1,1,9 1,1,9 1,6 3 1 1 1 4

[Elephant]
Author Dabomb
Site http://www.playtsunami.com/
x 3,2 2,6,1 1,2,1 3,8 1,1,1,1 1,2,1 1,2,5 1,2,1 1,1,1 5,5 1,2,1 1,5 1,2,1 2,1 12
y 3,2 2,3,4 1,2,1,1,2 1,1,1,1,2 1,1,1,1,1 1,3,1 1,1,1 1,3,1 1,1,1,1,1 1,1,1,1,1 1,1,1,1,1,1 1,2,1,3,1 1,1,1,1,1,1 1,1,1,1,1 7,4

[Farmyard]
Author Cb
Site http://www.playtsunami.com/
x 1,1,2 5,1,1 3,2,2,2 7,2,1,1 5,1,2,1 7,2,1 3,2,1,2,2 4,1,2,1 1,1,1,1,1 1,1,2,1 5,2,3 1,1,1 1,4,2,1 2,5 1
y 3,1 5,1,1 7,1,1 9,1,3 1,3,1,1,1 3,6,1 4,2,1 1,1 1,4,1 2,1,1 3,4,2,1 1,7,2 2,3 5,3 2,3

[Fish]
Author Vikki Munton
Site http://www.playtsunami.com/
x 1 4 2,1 6 1,5 1,4 1,4 3,1 3,1 2 2 5 1,2 2 2
y 3 1 6 8 11 1,4,5 5,2,1,2 1,2 2 0

[Funny Face]
Author Takis
Site http://www.playtsunami.com/
x 6 12 15 1,10,3 2,1,7,4 2,1,7,3 2,1,1,3,2,3 2,1,2,1,2,2 2,3,2,2,2 5,3,2,2 3,7,3,3 2,1,5,2,3 2,1,7,4 2,1,1,6,4 2,1,5,5 2,1,7,5 17 15 11 6
y 0 13 16 1,2,3 7,1,8 3,3,3 3,1,1,1,1,4 5,1,2,5 8,10 8,11 7,11 6,12 6,2,8 5,4,3 2,8,3 3,5,4 3,6 4,7 12 11

[Going Up]
Author Verity
Site http://www.playtsunami.com/
x 2,2,2,1 2,4,4,2 2,5,1,3 2,4,4,2 2,2,2,1 3,3,1 3,3,1 2,2,1,2 2,1,4 3,5,1 2,4 4,2 5,1 4 2
y 7,3 8,5 4,5 5,2,3 5,2,1,1 3,3,1 3,2,1,1 1,1,2,1 2,2,1,3 1,1,1,5 5,5 1,1,3 1,1 3 3,1

[Gromit]
Author K&S
Site http://www.playtsunami.com/
x 5,9 8,9 9,8 8,7 6,6 6,10 5,3,1 9,1,2 4,5,2 3,1,1,1,4,2 2,1,1,2,1,4,2 1,4,1,4,2 1,1,1,1,6,2 2,1,1,2,5,3 2,1,6,3,2 4,1,2 11,2 4,2,3 4,8 6,7 8,8 8,9 7,9 5,9 9
y 3,3 7,6 9,9 22 8,2,5 6,1,1,5 5,1,2,3,1,4 4,1,1,4 4,1,2,3,1,4 3,1,1,1,1,1,2 2,1,1,1,1,1 1,1,2,2,1 1,7,1 1,2,2,1 1,1 1,4,1 6,1,3,7 6,6,7 6,6,7 6,5,8 7,3,9 6,1,10 4,3,3,6 3,7,5 2,4,4

[Harry Potter]
Author Sam
Site http://www.playtsunami.com/
x 0 1,1,1 9 1,2,1 2 1,2,1 13 1,1,1 1,1 1,10 1,1 1,1 1,1 1,1 4
y 3 1 3,1 1,4 1,2 2,3,5 3,1,1,1 2,1,1,1 1,1,1,1 1,1,1,1 3,1,5 1,1 3,1 2 1

[Hello!]
Author S & K
Site http://www.playtsunami.com/
x 4,1,2 4,1,1,4 5,1,1,1,1 5,1,2,1 4,1,2,1 5,1,2,1,1 4,1,2,4 4,1,2 4,2,2 4,1 1 3,2 3,6 1,1,6 1,6
y 6 8 9 9,2 1,2,1,2,1 2,1 2,2,1,2 2,1,1,1 1,1,2,1 5,1,3 1,3,1,3 1,1,3 6,3 2,3,4 3,10

[Hot Breakfast]
Author Tnt
Site http://www.playtsunami.com/
x 9,13 8,3,12 7,3,12 1,3,10 2,1,9 2,3,2,9 4,4,9 6,5,9 3,1,5,2,2 2,3,5,2,1 3,4,2 6,2,2 4,1,2 2,2,3,1,1,1 16,3 5,5,1,2,2 7,2,3,3 3,5,4,1,1,1 6,2,3,1 7,5,3 7,2,4 2,2,6,1 2,2,8,1,2 7,7,9 6,7,10
y 2,3,3,3,3,3 3,2,3,3,4,3 3,3,2,2,5,2 4,3,4,3,4,2 4,3,3,4,3,3 17,3,3 3,4,3,1 3,1,3,2,1 1,2,2,1,3,3 2,7,1,2,2,3 2,7,2,1,2,3 2,5,2,1,4 1,3,3,2,4 3,1,3,2,4 3,2,2,4 4,2,2,4,1 15,2,3,2 21,3 8,2 8,1,1,1,2 8,3,2 8,2,2,2 8,3,2 9,1,1,1,3 10,4

[Jazz]
Author Takis
Site http://www.playtsunami.com/
x 13,6,1 11,7,1 5,8,1 3,4,2,1 3,4,1,2,1 3,4,1,5 3,2,1,1,5 3,1,1,1,2,1 3,6,2,1 3,2,3,1 3,6,1,2,1 3,2,1,1,2,1 3,6,1,2,1 3,2,2,1 3,6,2,1 3,2,1,3,1 3,2,1,2,1 3,5,1,2,1 3,2,1,1,5 3,2,1,1,5 3,3,1,2,1 3,2,2,1 5,3,3,1 11,4,1,1 13,7,1
y 25 25 25 3,3 3,3 2,2 2,2 2,2 2,2 2,9,2 2,13,2 1,3,1,1,1,1,3,1 1,2,1,1,1,1,1,2,1 3,1,1,1,1,1,3 7,3,10 3,3 4,3,2 3,2 9,6,1 4,2,2,2,1 3,2,1,1,2,1,1 3,4,7,4,3 4,5,4 2,2 25

[Kiwi]
Author Chris Wren
Site http://www.playtsunami.com/
x 17,1 3,6,3 4,9,4 5,7,6 6,5,6 7,3,6,1 2,1,5,2 9,7,3 1,6,4 3,3,5 3,1,6 6,1,8 4,4,1,4,1 1,6,2,3,1 2,2,3,2,1 3,3,4,1,1,1 4,2,5,2,1 5,6,3,1 6,7,4,1 7,15
y 6,2,7 7,1,6 8,2,5 1,4,1,1,4 1,3,1,1,1,3 1,2,1,2,2 1,1,1,1,3,2,1 1,2,1,6 1,3,1,1,3 1,4,1,4 8,3,1 6,2,2 5,2,2,3 4,3,4 3,4,5 2,4,6 1,4,7 5,9 5,1,1 4,6,2 5,6,3 5,6,4 5,6,5 1,6,1 15

[Little Big]
Author Hypervikki
Site http://www.playtsunami.com/
x 11 2,3 1,4,2 1,1,1 1,8 1,2,1 1,4,5 1,1,1,1,1 5,1,4 1,1,2,1 1,3,3 2,1,1 1,1,3 1,1,1 5,5
y 5 2,6 1,1,2 1,1,1,1,1 1,1,1,1 1,1,1,1 1,1,3,1 1,4,1 1,1,1,6,1 1,1,1,1,1,1 2,1,2,2,1 3,1,1,2,1 2,1,3,3,1 1,1,1,1,1,1 2,3,3

[Love Heart]
Author Angelique
Site http://www.playtsunami.com/
x 8 10 11 13 14 15 16 16 16 16 16 16 16 16 16 15 14 13 10 9
y 4,4 7,7 9,8 10,9 20 20 20 20 20 20 18 16 15 13 11 9 7 5 3 1

[Mascot]
Author Hspring
Site http://www.playtsunami.com/
x 1,1,1 3,4,3 8,4 12,1 11 2,9,1 14 14 13,1 10 6 5,6,1 5,6,2 2,2,9 2,2,9 2,2,7 2,2,6 2,10,1 2,12 3,10
y 1,9 6,9 9,2,1 4,4,8 10,8 8,3 20 19 19 19 17 18 3,4,3,3 2,2,3,2 4,4,4,3

[Moonlit Gallop]
Author Bex B
Site http://www.playtsunami.com/
x 5,2 5,4 5,6 5,6 5,3,1 5,3 4,4 4,2 4,2,1 4,4 5,5 5,6 5,5 5,5 5,5 4,5 3,2,2 3,3,1 2,2,1 2,1,1 1,3,1,1 5,5 1,4,2,2 3,3,2 4,10
y 17,2 17,3 16,2 15,1 6,5,1 4,3,1 3,5 2,1,5 1,2,4 3,3,1 3,10,3,1 3,1,11,2,1 3,2,7,3,1,1 3,3,7,4 3,5,14

[Mufc]
Author White
Site http://www.playtsunami.com/
x 5,3,5 1,3,1 1,3 1,3,5 5,3,1,1,1 0 5,5 1,1,1,1 4 5,1,5 6,1 5,1,3 1,1 1,3,1 3,1,1,1 5,3,1,3 1,1,3 1,1,3,1,1 3,1,1,1 3,5
y 1,1,1,1,3,3 2,2,1,1,1,1 1,1,1,1,1,2,1 1,1,1,1,1,1 1,1,4,1,3 1,1 5,1,1,6 5,4,6 5,1,6 1 1,2,2,2,3,3 1,1,1,1,1,1,1 1,2,2,1,1,3,2 1,1,1,1,1,1,1 2,2,2,2,3,3

[Night]
Author Poe
Site http://www.playtsunami.com/
x 5,3,5 6,1,6 5,5 6,1,6 5,3,5 2,9,2 1,9,1 9 1,9,1 1,7,1 2,5,2 2,2 1,9,1 2,5,2 3,3
y 7,3 6,3,2 5,2,1 9,2 10,1 1,1,6,2 1,7,2 2,8,2 1,7,2 1,1,6,2 10,1 9,2 5,2,1 6,3,2 7,3

[On Tell's Head]
Author Clare
Site http://www.playtsunami.com/
x 8 12 14 17 1,18 1,19 1,20 2,21 1,21 2,20 23 21 22 7,16 4,2,16 3,2,16 2,3,15 2,13 2,12 3,10 3,6 4,8 6,8 13 10
y 4,3 3,4 2,4 5,1,3,5 8,4,8 16,5 15,3 14,4 13,3 16,3 17,2 18,2 19,3 20,3 19,4 19,4 23 22 20 20 18 17 14 12 4,4

[Peek-a-boo]
Author Hev
Site http://www.playtsunami.com/
x 2 1,4 1,5 5,2 6 6 5,2 1,5 1,4 2
y 0 1,1 1,1,1,1 1,1 4 6 8 2,2,2 10 10

[Plane]
Author K
Site http://www.playtsunami.com/
x 5,3,3 1,1 1,1,3,1 1,1,1 1,1 1,1,1,3 1,1,1,1 1,11,1 1,2,7 3,1,1 1,2,7 1,11,1 1,1,1,1 1,1,1,3 1,1 1,1,1 1,1 1,1,2,5 5 4,2
y 5 1 3 1,1 1,1 7,7 1,1,1,1 1,1,1,1,1,1,1,1 1,1,1,1 1,1,1,1 8,8 1,1 5,1 1,2,2,1,1 1,2,2,1 1,1,2,1,1,2,1,1 1,1,1,1,1,1,1 1,1,4,4,1 1,3,1,1 1,1,1,1

[Prickly]
Author Corpsrule
Site http://www.playtsunami.com/
x 4 6 1,4 1,1,1,1,3 9,1,3 2,2,5,2 2,1,3,2 1,2,2,2,3,2 1,1,2,1,1,2,2 1,1,1,1,2 3,2,4,2 2,1,1,3,2 1,1,1,1,7,2 2,3,3,5,2 2,10,2 9,1,3 1,1,1,3 1,4 6 3
y 8 2,2,2 2,2,1,1,2 2,1,1,1 1,1,4 2,2,3 4,1,2 1,3 2,1,1,5 2,2,2,3 2,1,2 1,1,3 3,2,6 2,2,1,3,2 2,2,5,2 2,3,4,2 3,6,3 5,4 18 16

[Rocker]
Author Carol
Site http://www.playtsunami.com/
x 0 0 2,5 2,2,1 2,1,1,2 2,1,1,3 2,3,4,1 2,1,1,1,1,1 11,1 11,1 4,1 4,1,2 4,4 12 12
y 12 13 7 9 4,2,2 2,4,2 1,2,2 1,2,2 1,3,4 5,2,3 1,2,3 1,4 3,1,1 2,1 6

[Scratchy]
Author Rezdoggy
Site http://www.playtsunami.com/
x 2 1,3 1,1,1 1,3 1,1,1 1,1,3 4,1,5,1,1 2,2,1,2,1,2 2,2,2,1,1,2,1,2 1,3,5,1,2 1,1,1,1,1,4 1,2,1,2,1,2 2,1,1,1,2,1 2,2,2,1,2 4,1,2,3 3,2,3 2,1,4 2,3,1,2 1,6,2 1,1,1,2 1,1,1 1,1 1,2 1,1 5
y 5 2,2 2,2 1,1,1,6 1,4,1,2,1 1,1,2,3,1 3,1,1,1 4,1,1,1 2,1,1 3,1,1 1,4,1,2 1,2,1,6 1,1,1,1,1 4,3,1,1 4,3,3,2 1,3,1 13,3 1,1,1,1,3 5,5,7 15

[Shoot]
Author Dom
Site http://www.playtsunami.com/
x 2,1 1,1 9 1,1 2,1 1 1 1 2,1 1,1,3 3,1,1 7 1,6 1 1
y 1 1,1,2 1,1,4 1,2,2 1,1,3,2 2,5 1,2 1,4 6,1,1 2,3

[Smile!]
Author Zach Brannan
Site http://www.playtsunami.com/
x 0 2 3 3 5,2,2 5,2,2 3,2 3,1,2 1,2 5,2,2 5,2,2 3 3 2 0
y 2,2 2,2 2,2 2,2 2,2 0 2,1,2 2,1,2 2 1 2,3,2 3,3 11 9 0

[Snowman]
Author Mw
Site http://www.playtsunami.com/
x 0 0 0 0 0 4 4,6 3,12 1,15 2,5,1,1,4 1,15 3,12 4,6 4 0 0 0 0 0 0
y 0 3 1,1,1 2,2 5 3 5 7 7 3,3 7 2,2 7 4,4 9 9 9 7 0 0

[Sporty]
Author Dom
Site http://www.playtsunami.com/
x 3 2,4 4,3 4,3,2 2,3,1,1 5,1,1 2,3,2 5 2,2 2,2,2 1,3,2 1,3,2 1,2,2,2 3,3,2 2,7 3,4,2 2,3,1,1 2,2,1,1,1 1,2,2,2 1,2,3
y 2,3,1 4,7 4,1,2,1 2 1,2 2,1,1,1 1,1,1,1,3 2,1,2,7 14 19 4,2,2,2 3,2,8,2,1 2,1,1,6,1,1 1,1,1,1 2,2

[Sub (from Puzzle Book)]
Author Sara B
Site http://www.playtsunami.com/
x 1,1,1 2,1,3 1,2,1 3,5 2,1,3 1,1,3 2,1,2,2 1,1,1,3 1,1,1,2 1,2,1,3 4,1,2 2,1,1,3 2,1,3,2 2,1,1,1,3 1,5,1,2 1,1,1,3,3 1,1,1,2 1,1,2,2 1,1,3 1,1
y 4 3,2,1 1,3,2 3,4 2,2,2 2,2,1 20 1 4 1,1 1,12 1,4,2 6,1,1,1,1,1,1 1,16 1,12

[Tall House]
Author Nicholas
Site http://www.playtsunami.com/
x 12 3,1 2,1,5 2,1,1,1 2,1,5 2,1,1 1,1,5,1 1,1,1,1,1,1 1,1,1,1,1,1 2,1,5,1 6,1,1,1,1,1 1,2,1,1,1,1,1 8,1,5,1 3,1 12
y 3 1,1 1,1 6,1 2,2,1 2,3 2,2 2,2 2,2 15 1,1 1,7,1 1,1,1,1,1 1,7,1 1,1,1,1,1 1,3,7,1 1,1,1,1 1,1,1,1 1,1,1,1 15

[Teddy Bear]
Author Kirsty
Site http://www.playtsunami.com/
x 3,3 1,1,1,1 1,1,4,5 1,2,1,1,1 3,1,1,1 2,1,1,2 1,2,3 2,2,1 1,1,1,1,2 1,1,1,3 1,1,1,1,4 2,1,1,4 2,2,1,4 3,3,4,3 4,1,6,1,2 2,2,1,1 5,1,2 2,1 1,1 4
y 4 9 3,3 2,1 4,1 1,1,2 1,2,3,2,1 1,1,2,5,1 2,2,1 1,1,1 1,1,1 1,1,3 1,6 3,1 5,1 6,6 1,1,3,1,1 1,1,5,1 1,1,1,7,1,1 5,7,3

[The King]
Author Kumquat
Site http://www.playtsunami.com/
x 5 1 3 2,2 0 23 1,2 1,2,2 1,4,4 1,5,1,2,2 1,5,2,1,2,1 11,1,4 1,5,2,3,2 1,5,1,1,2,2 1,4,2,5 2,2,2,4 3,3,3,2 1,2,3,3,1,1 2,5,3,2,2 1,1,1,2,2,2,1 2,5,2,1,2 1,1,1,1,2,2,1 2,1,1,1,3,2,2 1,1,1,2,2,4,1,1 2,1,1,1,3,1,1
y 1,1 1,2 3,20 1,2,1,1,2,1,1,1,1 1,1,1,3,2,1,1,1 1,5,2 1,7,7 1,9,1,1 1,9,1,1,2 1,2,1,2,2,1,1 1,1,1,2 1,3,4,2 1,5,1,1,3 1,5,1 1,4,1,2 1,4,1,2,5 1,2,2,1,4 4,6,3 4,2,2,1 1,2,2,3 1,2,3,2 1,2,2,3,3 1,3,3 1,2,3 1,2,3

[Transport]
Author Ronnay
Site http://www.playtsunami.com/
x 2,1,3,2 5,5,2 1,1,1,7,1 4,5,6,1 1,1,2,2,8 8,1,1,2,3,4 2,3,1,2,8 1,1,3,1,1,2,8 2,5,1,2,3,4 3,2,1,2,8 1,5,1,2,8 1,1,3,1,1,2,3,4 2,3,1,2,8 5,1,1,12 2,1,1 4,1,1,3 1,1,1,2,1 1,1,1,2,1 1,1,2,2 3,2
y 4,3,1 1,1,2,3,1 8,1,2,1,1 2,1,1,1,1,1,1 2,1,1,1,1 2,4,4 4,4 4,4 1,1,1 11 1,1 1,1,1,1,1,1,1 1,2 14,5 14,1 3,1,3,1 13,1 13,1 12,1,1 3,2,2,2,1 11,1 11,1 10,1 3,10,5 2,1,3,2

[Upwardly Mobile]
Author Shandy
Site http://www.playtsunami.com/
x 0 0 0 13 1,6 1,3,2,1,1 1,1,1,1,2 1,3,2,1,1 1,1,1,2 3,1,2,2,1,1 3,6 13 0 0 0
y 2 2 9 1,1 1,1,1 1,1,1,1 1,3,1,1 1,1,1,1,1 1,1 9 3,1,3 2,1,1,2 3,1,3 2,1,1,2 9

[Who Wants Greek Pie?]
Author Yesnomaybe
Site http://www.playtsunami.com/
x 2,1 2,3 8 6 2 2 8 9 2,2 2,2
y 1 9 9 1,2,2 2,2 2,2 2,2 2,2,1 2,4 2,2

[Zorro]
Author Tina
Site http://www.playtsunami.com/
x 1,1,3,3 3,1,4 1,2,4 1,1,1 2,2 10 3,2,1 5,2,1 3,1,3,2 5,2,4 1,2,2 1,2 1,3 1 2,1,5 1,2,3 1,1,1,1 2,1,1 1,2,1 1
y 5 1,8,5 1,9,1,1 2,1,1,1,1 1,1,4,1,1 1,1,1,1,5 1,1,1,1 1,7,1 1,5,1,2 1,1,12 2,2,4,2 2,1,1 3,1 2,1 2,1

