#
#	These puzzles are from Rachel Benns wonderful site:
#
#		http://www.playtsunami.com
#

[A Life On The Ocean Waves]
Author Tim
Site http://www.playtsunami.com/
x 2,1 1,1,3 11 12 1,1,6 2,5 5 15 6,5 5,5 4,5 3,4 2,3 1,2 1
y 1 1 2,2 4,3 2,4 6,5 1,2,1,6 2,7 2,1 4,1 15 13 11 9 7

[Astronaut]
Author Ronnay
Site http://www.playtsunami.com/
x 1,1,1,1,4,1,1 1,1,1,1,4,3,1 1,1,2,2,2,1,3 1,1,1,1,5,1,1 1,1,2,5 1,7 7,4 8,3,1 1,2,3,3,1 8,3,1 4,6 3,2,1 3,4,1 3,1,2,1,6 2,2 4,1,1 2,4,6 6,4,1 4,3,1,1 1,3,7,3
y 14,5 2,10 2,1,10,3 1,1,5,5 2,1,2,1,2,2,1 1,1,4,2,1,2 5,4,4,1,1 3,2,1 5,2 5,1,3,3 2,2,4,1,3 5,4,1,1 3,4,1,3 2,1,1,1 2,1,2,1,1,1 2,1,1,1,1 1,1,1,1,1 2,1,1,1,1,2 2,1,1,1,1,1 2,1,1,1,1

[Bandit]
Author Rachel
Site http://www.playtsunami.com/
x 2,1 2,6 3,1 4,3,1 4,1,2,1 5,1,1,1 1,2,5 1,1,1,1 2,1,5 2,1,1,1,1 4,1,4 3,1,1,1 4,1,3,1 5,1,1,1 1,1,3,1 1,2,2,1 1,2,1 1,8 7 2
y 1 6,1 11,1 4,6,1 4,10 9,3 2,4 1,1,6 2,3,3,1 1,1,3,1 1,1,1,8,1 1,2,1,1,1,1,2,1 1,3,1,1,3,1 2,5,1 2,3

[Baywatch]
Author Heffy
Site http://www.playtsunami.com/
x 1,5,3 1,5,1,2 1,5,1,2 5,1,2 1,6,1,1 2,7,1,1 3,7,3 3,6,1,2 10,1,2 3,6,1,2 1,7,3 7,1,1 1,5,1,1 1,5,2,1 1,5,1,2 5,1,2 6,1,1 6,1,1 6,1,1 7,2
y 4,1,1 1,1,5,1 1,7 1 8 20 20 20 20 20 2,2,4 3,3,3,1 1,3,4,3 4,5,2,1 20

[Big Heart]
Author Willempie
Site http://www.playtsunami.com/
x 8 12 14 16 17 18 19 20 21 22 22 22 21 22 22 22 21 20 19 18 17 16 14 12 8
y 7,7 9,9 11,11 11,11 25 25 25 25 25 25 25 25 23 23 21 19 17 15 13 11 9 7 5 3 1

[Bloodsucker(issue 19 Mag)]
Author Sooty
Site http://www.playtsunami.com/
x 3,3 4,5,4 14,4 15,3 16,2 16,1 6,9 3,1,8 2,2,1,3 2,3,2,2 2,2,2,1,1 2,2,1,2,1 3,1,1,2,1,1 4,1,1,1,2,1 2,5,2,1,1 1,3,1,2,1 3,2,3,1 12,4 7 4
y 3,3 5,9,4 20 7,2,4 5,1,2 6,2 6,2,4 5,4,4 5,2,5,1 5,1,1 6,1,1 6,3,1 7,1 6,7 5,2,1,1,2 5,1,1,1,1,1 2,4,6,1 4,4,1 5,4,1 6,8

[Briefcase]
Author Rupel Patel
Site http://www.playtsunami.com/
x 10 1,3,1,1 1,1,1,1,2 2,1,1,1,1 3,3,1 1,1,1,1 1,1,1,1 1,1,1,1 1,1,1,1 1,1,1,1 3,3,1 2,1,1,1,1 1,1,1,1,2 1,3,1,1 10
y 5 1,1 2,2 13 1,1 1,2,2,1 2,1,1,2 5,5 2,7,2 1,2,2,1 1,1 1,1 2,2 1,1,1,1 13

[Candlestick]
Author Lebb
Site http://www.playtsunami.com/
x 1 2 4,1 4,1 2,6 2,1,17 3,2,1,13 2,1,16 19 6 5,1 3,1,1 1,1 5 3
y 1 1 2 2,1 1,1 2 1,1 2 2,1 1,2 1,2 1,2 4 4 4 4 4,3 4,1,2 3,4,2,2 10,2 9,1 11 8 6 10

[Cat On Fence]
Author Lebb
Site http://www.playtsunami.com/
x 3,6,4,3 2,4 1,2 2,2 6,3,4,3 7,3,4,3 4,3,3,4,3 8,2 1,6,2 7,4 4,2,2,3,4,3 14,4,3 14,4,3 2,4,1 2,1 1 1,1,4,3 4,3 1,1,4,3 6 2,2 1,4 1,1,2,4,3 6,1,4,3 2,5,3,4,3
y 3,12,7 2,4,6,2,2 1,9,1,1 10,1,3 3,3,3,1,2 11,3,2 10,2,1 3,3,1,1 1,3,2 2,4,2 3,2,2 13,1 2,5,5,1 1,3,3,1,2 0 0 1,3,3,3,3 1,3,3,3,3 1,3,3,3,3 1,3,3,3,3 0 0 1,3,3,3,3 1,3,3,3,3 1,3,3,3,3

[Choo-choo]
Author Estr
Site http://www.playtsunami.com/
x 1 9,3 1,1,1 1,5,1,1,1,1 1,1,1,1,1,1 1,1,1,1,1,1,1 1,1,1,1,1 1,1,1,3 1,5,1 1,1,1 7,2,1 1,1,1,1 1,3,1,1 1,1,1,1 1,1,1,2 2,3,1,1 1,3,1,1 1,1,1,1,2 2,1,1,1,1 1,4,1,2 1,1,2,1,1 1,4,1,1,1 2,1,2 1,7 1
y 12 1,1,7 1,6,1,1,1 1,1,1,1,1,1 1,1,1,1,1,1,1 1,1,1,1,1,1,1,1 1,6,14 1,1 1,3,10,1 1,1,1,2,1,1 1,1,1,1,9,1 1,1,1,1 2,1,1,18 1,1,1,1,1,1 3,2,2

[Computer]
Author Becky
Site http://www.playtsunami.com/
x 5 6 3 2 5 8,1,3 1,1,1,3 1,1,6 1,8 1,8 1,8 1,8 1,1,2,3 1,1,1,3 8,1,3 5 2 3 6 5
y 10 1,1 1,1 1,1 1,1 1,1 1,1 10 4 6 12 1,5,1 12 16 18 3,3 2,2 2,2 2,2 2,2

[Dancing]
Author Wendy
Site http://www.playtsunami.com/
x 4 3,6 5,2,2 2,4,2 2,1,5,3,3 2,1,5,3,2,2 2,1,3,1,4,1,2 2,1,9,6,1 2,1,2,4,3,8 6,2,3,2,2 2,1,2,7 1,1,7 1,1,3,1 1,1,5 1,1,2 3,1,1 4,1,1,3,2 2,2,2,1,5,3 1,1,1,1,2,1,4,2,2 1,1,1,2,6,5 1,1,13,1 2,11,1,2 3,11,4 19,1,2 8,13
y 7,5 8,1,3 2,1,3,3 2,2,3,1,2 2,1,1,1,2 2,1,2,4,2 2,2,1,2 5,3,2 9,1,2 12,2,5 2,2,2,2,9 2,7,1,7 2,1,6,5 2,3,10 7,6 4,2,7 4,2,8 3,1,9 2,2,10 4,3,2,5 2,2,4,3,1 1,2,4,7 2,1,2,1,1,1,1,1 2,2,1,2,4,4 4,4,4,4

[Doggy]
Author Laura Banner
Site http://www.playtsunami.com/
x 0 5,6 1,12 2,11 2,2,2,2 1,1,1,2 2,5,1,1 3,5,1 2,5,1,1 1,1,2,2 2,2,1,2 2,11 1,12 5,6 0
y 3,3 1,2,2,1 2,7,2 3,3,3 4,1,4 5,5 2,1,1,2 4,1,2,3 13 3,3,3 3,1,3 3,1,3 3,3,3 4,4 7

[Dry Boots]
Author Shandy
Site http://www.playtsunami.com/
x 2 1 2 3 4 5 6 7 8 16 8 7 6,1 5,5 4,5 3 2,5 1,5 1 0
y 0 0 3 5 7 9 1,11 1,13 15 17 1 1 1 1 1,2,2 1,2,2 1,2,2 1,2,2 3,3 0

[Everton]
Author Fred
Site http://www.playtsunami.com/
x 1 3,5 5,1,1,1 5,1,1 10 10 3,10 2,3,1 10 10 10 5,5 5,1,1 3,1,1 1
y 3,3 11 13 7,7 5,6 1,3,3,1 3,3 3,3 7 7 3,3,3 1,1,1 2,2,1 1,1,1 3,1,3

[Fax]
Author Ricky Jones
Site http://www.playtsunami.com/
x 16,2 16,5,2 14 14,9 14,1,3 5,1,1,5 4,1,7,1,1,5 3,2,2,2,1,1,7 2,3,2,2,1,3,3 1,4,2,2,1,1,5 1,2,1,1,1,1,5 1,6,2,2,1,5 1,1,2,2,1,2,3,3 1,1,2,1,2,1,9 1,1,1,2,1,1,1,3,3 1,1,1,1,1,2,2,1,4 1,1,2,1,2,2,3,5 1,12,2,1,4 1,12,1,3,3 1,9 14,1,1 14,1,5,1 14,1,1,1 16,5,2 16,2
y 25 9,5 8,1,8,5 7,2,1,2,5 6,3,8,5 5,4,3,3,5 5,1,2,5 5,13,5 5,5,1,1,2,5 5,1,1,3,5 5,13,5 5,4,1,2,5 5,1,2,4,5 5,13,5 2,2 2,19,2 1,1,2,3,1 1,1,4,1,3,1,2,3 1,1,1,3,3,1,1 1,1,3,3,2,1,2,3 1,1,3,3,1,3,1,1,1 1,17,3 17 2,19,2 2,2

[Fleur]
Author Phil
Site http://www.playtsunami.com/
x 4 8 11,3 3,3,1,1 3,5,2,1,2 2,2,3,1,1,1 1,1,2,2,1,2 1,1,2,1,2,2,1,1 1,2,5,4,2,1,1 1,2,3,4,2,1,1 1,2,6,5,1,4 1,1,5,13 1,1,2,2,2,8 1,1,1,2,2 2,2,2,2,8 3,6,2,3,3 3,2,2,2,1 4,3,1,2,2 10,2,2,1 8,1,2 5,8 0 0 0 0
y 12 3,3 3,5,3 2,5,1,3 2,1,1,3 2,2,1,2,2,4 3,1,4,1,3 3,1,6,1,3 3,1,6,1,3 3,2,1,2,1,3 2,1,1,2,2 3,2,3,3 2,7,3 2,4,4 12,1 8,3 2,4,1 6,2,3,1 1,2,3,2,1,1 3,2,2,1,2,1 2,1,1,2,1,2,1 1,1,3,3,2 1,4,2,3 1,8 7

[Gee Major]
Author Jerry
Site http://www.playtsunami.com/
x 0 13 13 1,1,1,1,1,1 1,1,7,1,1 3,1,2,1,1,1 2,1,3,1,3,2,1 2,1,14 3,1,1,2,2 1,1,1,4 1,1,1,1,1 1,2,1,1,1,1 7,1,1,1 1,1,1,1,1,1 5,1,1,1,1 1,2,1,1,3,1 1,1,7 1,1,7 1,1,5,1 10,1
y 2,1,2 2,4 1,1,1,2 19 2,1,1,2,1,1 2,2,1,1 19 2,2,1 2,1,1,1 19 2,1,1,4 2,1,3,5 19 2,1,2,1,4 2,1,1,1,2 19 3 1,1 1,1 3

[Graduation]
Author Anna
Site http://www.playtsunami.com/
x 13 2,1,2 1,1,4,1,1 1,3,1,3 1,2,1,2,1,1 1,2,1,2,1,1 1,2,2,2,3 1,2,1,2,1,1 1,2,2,2,3 1,2,1,2,1,1 1,2,1,2,1,1 1,3,1,3 1,1,4,1,1 2,1,2 13
y 13 2,2 1,11,1 1,9,1 1,1,1,1 1,1,3,3,1,1 1,1,1,1,1,1 1,1,1,1,1,1,1 1,1,2,2,1,1 1,1,5,1,1 1,1,3,1,1 3,1,1,3 1,1,3,1,1 2,1,1,1,1,2 13

[Gym]
Author Nikola
Site http://www.playtsunami.com/
x 4,3 1,2 10,2 2,3 1,2 1,3,6 1,12 1,12 1,3,6 1,2 2,3 10 2,3 4,2 4,3
y 1,2 15 1,2,5 1,1,2,1,2 1,4,1 1,4,1 1,4,1 1,2,1 2,2,2 10 10,1 1,4,2 2,4,3 3,4,1 1,4,1

[Heart]
Author Ashley
Site http://www.playtsunami.com/
x 3 4 3 4 3
y 0 2,2 5 5 3

[Help!!!!!!!]
Author Verity
Site http://www.playtsunami.com/
x 4 2,2 2,5 1,6 3,6 1,8 1,8 1,8 1,2,1 1,2,1,1 4,3,1 2,1,1 2,1 7 4
y 7 1,1 11 2,9 1,5,1 1,6,1,2 1,6,3,2 1,6,1,2 8,2 13

[House]
Author Nikola
Site http://www.playtsunami.com/
x 2,2,1 1,1,1,1 9,1 5,1,1 2,1,1,1,1 2,1,4 2,1,5 3,4 8,2 1,2,1 1,2,1,1 2,4,2,1 2,10 2,4,2,1 1,2,1,1
y 2,5 1,1,1,3 4 2,2 2,2,3 14 1,1,5 1,1,1,3 1,1,1 1,2,1,1 1,2,1,1 15 1,1,3,1,3 1,1,3,1,1,1 1,1,1,3,1,1

[Juggler]
Author K&S
Site http://www.playtsunami.com/
x 1 2,1 2,3,1 2,2,1 2,1,1 1,2,2 1,2,3,2 2,2,9 4,9,4 1,2,3,7,1 8,5,1 2,3,6,1 3,9,1 2,1,2,5,1 2,1,3,4,1 2,3,1 2,1,2,1 2,2,3,1 2,1 1
y 0 0 1,2 1,2 3,2 8,2 1,2,1,1,1 2,5,1 2,4,2 3,3 1,1,1,4 2,4,4 12 3,5 5 6 7 3,3,1 3,3,1 2,3,1 2,4 2,2 1,2 4 20

[Koala Bear]
Author Gyllene Tjej
Site http://www.playtsunami.com/
x 5 7 9 9 9 5,2 2,2 3,2,4 1,1,2,5 1,6,2,6 3,11,2 4,4,1,2,1 4,4,1,2,1 10,3,2 3,13 13,2 13,2 1,6,8 1,1,7 3,5
y 2,2,2 3,1,7,1 3,1,9,1 4,13 4,1,3,3 4,2,5 5,2,5 4,2,5 4,7 4,8 3,9 2,7,6 1,5,7 2,10 6,2,3 5,6 3,8 3,4 3 4

[Little Girl]
Author Ronnay
Site http://www.playtsunami.com/
x 4,6,8,2 3,2,4,8,3 5,1,12,3 5,1,3,6,3 5,1,3,3,4 5,1,3,9 4,2,2,1,1,3,1 3,2,2,2,1,1,5 5,2,4,3 5,3,1,2 4,2,2,1 3,3,6,1,1 3,3,2,2,2,1 3,3,2,1,1,1 2,3,2,1,1,1 1,3,3,2,1,2 4,1,2,1,1,1,1,1 2,2,4,1,1,2 1,2,3,3,1 2,1,1,2 3,1,2,4 5,1,1,1 10,3 9 7
y 17,2 14,2,4 14,2,5 7,3,3,5 1,4,3,4,6 2,2,4,2,4 6,5,2,3 1,5,3,3 10,3,2 7,7,1 6,6,2,2 3,3,1,1,1,1 1,4,1,1,4,3 5,2,1,1,2,1,1 6,2,1,1,1 4,3,4,2 4,1,3,1 4,1,1,1 3,2,3,1 3,2,1 2,5,1 1,3,2,2,2 3,3,6 3,3,1 2,9

[Luck Of The Irirsh]
Author Cnak
Site http://www.playtsunami.com/
x 6,2 8,7 8,8 16 14 2,12,4 4,11,5 5,9,7 14,9 13,10 23 22 18 21 7,15 6,16 5,18 4,10,8 2,10,1,5 12,1,3 14,2 14,2 5,7,2 3,5,2 2,1
y 5,4 7,6 2,14,3 4,12,5 5,10,6 7,8,7 15,7 14,7 23 23 22 24 23 9,14 8,9,4 6,9,1,2 5,11,1 4,12,1 2,14,2 15,2 7,7,2 7,7,2 5,5 2,2 0

[Magic?]
Author Verity
Site http://www.playtsunami.com/
x 5 4,7 20 7,6,5 7,6,5 2,3,1,5,5 4,5,6 1,4,4,1 4,2 4,5 6,3 7,2 2,3,2 2,1,2,2,1 1,5,1,2,1 1,6,2 1,6,3 1,1,1,2,2 1,5,2,2 1,3
y 6 6 4,1 6,8 5,3 4,2 3,2 2,1,2,7 5,1,3,3,1 12,3,1 11,3,1 10,5 9,2,2 5,6 1,2,4 6,2,2 6,1,2,2 6,1,2,1,1 5,1,1,5 7,8

[Mickey Mouse]
Author Becky
Site http://www.playtsunami.com/
x 5 7,2 3,9 4,8 15 14 13 10 13 14 15 4,9 3,9 7,2 5
y 3,3 5,5 7,7 2,4,4,2 3,3,3,3 3,11 15 13 11 13 13 11 11 9 7

[Mother And Baby]
Author Bankzi
Site http://www.playtsunami.com/
x 2 3,1,2 9 3,1,2 2 1 6 3 4 5
y 3 3 3 1 7 1,1,1,1,2 1,4 1,4 3,4 1,1,1,1

[Music]
Author Sooty
Site http://www.playtsunami.com/
x 0 1 9 9 2,3 2,1 2 2 2 2,1 10 10 3 1 0
y 0 0 2 5 8 5,2 2,2 2,2 2,2 2,3 2,5 3,3 5 3 0

[Nomen Luni]
Author Sir Clive Skin Care
Site http://www.playtsunami.com/
x 19 12,5 4,5,1,1 2,1,1 2,1,1 2,1,1,2 2,1,1 4,1,3,1,1 12,3,1 19
y 10 10 3,3 3,3 2,2 3,3 3,2 3,3 4,4 3,3 2,2 2,2 1,1,1 1,1 3,3 2,1,2 2,1,2 2,1,1 10 0

[Ostrich]
Author Lebb
Site http://www.playtsunami.com/
x 1,4 3,8 1,13,1 7,9 5,1 9 5 5 6 1
y 3 1,1 4 2 2 2 2 2,1 2,2 2,2 9 9 9 8 6 1,1 1,1 1,1 2,1 1

[Pengu]
Author Demi
Site http://www.playtsunami.com/
x 1 7 10 12 3,5 13,2 9,2 14,2,1 17,1 1,13,1 8,4,2 6,2 1,2,4 1,1,5 1
y 4 3,3 4,2,1 7,1 9 8 8,1 7,1 7,1 1,5,1 2,1,4,1 2,1,4,1 2,1,4,1 3,1,4,1 6,2,1 4,4,1 5,2,1 5,1 4,1 4,3

[Playing]
Author Angel
Site http://www.playtsunami.com/
x 4,2 13 6,1,1 3,1,1,4 1,1,6 1,1,3,5 4,1,1,3 1,1,2 1,1,1 2,1,3 2,2,1,3 9 1,8 5,2,3 2,2,2
y 4,2,2 3,1,6 3,2,1,1,1 3,1,4 3,1,4 6,2 2,1,6 1,1,4 1,1,2,3 1,1,6 1,4,2,3 5,2,2 1,4 2,5 1,6

[Rabbits]
Author Dom
Site http://www.playtsunami.com/
x 2 4 2 2,3 3,3 3,3 2,2 3,1 2 3 2,1,2 5,1 10 5 6 5 4,1 3,2 2,2 4
y 1,1,1 2,2,1,1 6,2 4,3 1,1,2,4 1,10 2,3,1,11 7,5,1 5,4,3 4,4

[Route]
Author Ivor
Site http://www.playtsunami.com/
x 2,7 1,4 1,5,2 1,1,7,1 1,1,2 1,1,1,1,1,1 2,1,1,1,2 2,7,2 2,1,1,2 1,1,1,1,1,1 1,1,1,2 1,1,7,1 1,5,2 1,4 2,7
y 4,4 1,3,1 9 1,1 11 2,1,2 2,3,4 2,1,2 1,1,1,1,1,1,1 1,1,1,1,1 1,9,1 2,1,1,2 2,5,2 3,3,3 4,4

[Semibreve]
Author Bip
Site http://www.playtsunami.com/
x 0 0 1 3 5 5 13 12 2 2 2 2 2 1 0
y 0 0 4 5 2,2 2,2 2,2 2 2 2 4 5 6 5 3

[Skeleton]
Author Phil
Site http://www.playtsunami.com/
x 4 2,3 6,1,4 9,2 3,3,2,1,2 4,9,1,1 2,1,5,2 2,3,1,5,1,2 1,1,1,1,1,2,1 1,2,1,1,1,1 1,1,1,1,1,2,1 2,3,1,6,1,1 2,1,6,1,1 4,9,1,2 3,9 9,2,5 7,2,3 3,2 4 4 4 3 0 0 0
y 9 4,4 3,3 4,4 2,2 2,1,1,2 2,3,3,2 2,1,1,2 2,2 2,1,3 3,1,3 2,2 1,1,1,1,2 1,3 2,4 10 5,7 18 2,3,3,2 1,5,2 1,1,2 1,1,1,2,2,1,1,2 2,2,1,1,1,2,3 2,1,2,1,1,3,2 2,2,2,1,2,3,2

[Smiley]
Author Kathryn
Site http://www.playtsunami.com/
x 1,18 6,3,6 4,1,1,4,1,2 1,1,2,3 3,1,3,1,1 5,1,1,1,1,1 3,3,1,1,1,2 1,1,3,1,1,2,2,2 1,1,3,2,2,1 2,2,2,2,1 3,2,2,2,1 1,1,1,3,2,2,1 1,1,1,1,1,1,2,2,2 3,1,1,1,2 2,3,1,1,1,1 3,1,3,1,1 1,1,1,2,3 2,1,1,1,4,4 5,3,6 20
y 13,4,1 2,3,2,2,3 3,4,3,2,2 3,1,3 2,3,3,2 3,1,3,1,3,3 1,3,3,1 1,1,1,1,1,1 1,2,2,1 1,1,1,4,1,1,1 3,1,2,1,3 3,1,1,3 3,2,6,2,3 1,1,1,8,1,1,1 2,1,1,1,1,2 4,2,2,4 2,1,6,1,3 4,1,4,1,4 4,2,2,4 2,14,2

[Sooty]
Author Lisa
Site http://www.playtsunami.com/
x 0 10 7 8 10 7 7 6 1 7
y 1,1 4 4 6,1 7,1 7,1 7,1 7,1 1,5,1 1,6

[Squirrel]
Author Doug
Site http://www.playtsunami.com/
x 1 3,1 4,3 6,3 1,3,3 6,1 2,4,1 2,1,9 1,2,2,4 2,2,3 2,3,3 1,4,3,1 2,2,5,1 2,3,7 1,5,7 2,10 2,10 1,5,2,1 2,2,2,2 2,2,2,2
y 2,2,2,2,1 2,2,2,2,2 1,2,2,2,2 2,2,2,2,1 11 1,1,12 6,4,1 2,3,2,2 8,7 18,1 5,10,2 12 3,1,5 7,3 3,4

[Superman]
Author Kimberly
Site http://www.playtsunami.com/
x 2 5 2,2 2,2 1,2,2 1,4,2 1,5,1,2 1,5,2,2 1,1,2,2,2 1,1,2,3,2 1,1,2,3,2 1,1,2,2,2 1,2,2,2,2 1,2,4,2 1,2,2,2 1,1,2 2,2 2,2 5 2
y 14 2,2 2,10,2 2,4,4,2 2,4,2 1,9,1 2,9,2 2,2,2 2,2,2,2 2,6,2 2,4,2 2,2,2 2,2 4 2

[Tank]
Author Olrick
Site http://www.playtsunami.com/
x 0 1,2 1,1,1 1,1,2,1 4,2 1,2,2 1,1,2,1 1,1,1 1,1,2,1 1,2,2 4,2 1,2,1 1,1 2 0
y 0 3 5,2 1,1 9 1,2,2,1 1,1,1,1,1,1 1,1,1,1,1,1 1,2,2,1 9

[Teddy R]
Author Msv
Site http://www.playtsunami.com/
x 25 1,4 1,3,4 1,4,1,1,4 16,1,3 3,3,4,4 4,2,2,1,4 3,2,1,3,1,3 3,1,2,4,1,2 3,12,2,1 3,1,3,1,2,1,2 1,1,5,2,3 3,4,2,1,2,1,1 3,2,3,3,2,1,1 3,2,1,2,3,1,1 2,2,2,3,4 4,4,1,1 4,1,2,3 5,1,3,3 1,7,1,5,3,1 1,4,3,2,3 1,1,1,1,4 1,4,2,2 1,1,3 22,2
y 5,11,7 1,7,7,1 1,7,3,4,1 1,4,4,1 1,2,3,1 1,2,2,2,2,1 1,2,4,5,2,1 1,2,5,1,4,1 1,3,1,1,5,1,1 1,1,3,2,2,2,1,1 1,1,1,4,3,2,1,1 1,1,1,5,2,1 1,2,5,1,1,1 1,1,5,3,1,1 1,1,3,1,1,1,1,1 1,1,9,1,1 1,1,1,1,1,1 1,1,6,2,1 1,1,4,1,1 1,2,5,1 1,1,1,1,2,3 4,2,3,3,2,2,1 8,1,3,1,2,2,1 9,2,2,2,5 14,3,6

[Television]
Author Rocket999999
Site http://www.playtsunami.com/
x 0 0 13 1,3 1,9,3 1,1,1,1 1,1,1,1 1,1,1,1 2,1,1,1 3,1,1,1 3,1,1,1 2,1,1,1 1,9,1 1,1 1,2,2,2,1 1,2,2,2,3 1,3 13 0 0
y 0 0 0 2 4 16 1,1 1,9,2,1 1,1,1,2,1 1,1,1,1 1,1,1,2,1 1,1,1,2,1 1,1,1,1 1,1,1,2,1 1,1,1,2,1 1,9,1 1,1 16 2,2 2,2

[The Terminator]
Author Charlie
Site http://www.playtsunami.com/
x 15 3 15 15 1,1 7 8,6,1 7,8,1 3,3,1,2 2,3,2 2,3,2 2,2,1,1 2,1,1,1,1 2,2,1,1,1 2,3,2 3,3,5 11,5 7 6 6
y 8 10 2,2 2,1 2,1 1,2,2,1 1,2,11 1,2,6,4 1,2,1,3,3 1,2,1,2,1 1,2,2,1 1,2,1,3,2 1,2,4,1 1,2,3,2,4 1,2,3,10 8,5 4,3,4 4,4,4 1,2,1,1,3 1,6,3

[Tree]
Author Ronnay
Site http://www.playtsunami.com/
x 1,2 1,3 1,1,2,3 1,1,7 1,1,2,3,3 10 2,10 14 1,21 1,2,3,7,8 1,2,3,7,6 3,2,1,5 2,2,3,3 1,2,3,1 3,2,3,3 5,2,1,2 7,1,2,1,1 7,1,3 7,1,2 5
y 1 2,2,1,1 1,1,3 1,5 1,1,6 1,1,3,6 1,3,1,6 5,5 3,3,3 5,1 3,1,1,1 9,1 7,1,1 8,2 6,2 10,2 7,7 10,2,1 1,5,3,1 12,1,2 7,3,4,2 5,3,5 3 3 3

[Vogel]
Author Tina
Site http://www.playtsunami.com/
x 1,1 3,1,3 2,2,1,4 6,1,2,4 10,11 1,3,6,1,10 1,6,3,4 1,8,4 6,1,3 7,1 7 6,1 6,1,1 5,1,1 2,1,1,1
y 1 1 4 4 1,4 5,1 5 4 6 9 9 8 8 1,7 1,2,6 8,1,3 4,1,1 2,1,1 2,1 2,1,1 2,1 6,1 8 8 10

[Wingedbeast (from Book)]
Author Sara B
Site http://www.playtsunami.com/
x 1,2,1,1,1,1 1,2,1,1,1 1,1,3,1,1,1 1,1,2,1,1 3,4,1 7,1 4 4 4 4 5 3,4,2 3,5 2,2,2 3,1,2 3,2 3,1,1 2,3 2,2 3
y 1,2 5 5,4,2 2,4,3 1,4,4,2 2,5,2,2 2,4,1,2 1,4,1,2 1,5,4,1,1 3,5,3 3,1,2,1,2 1,2 4,1 1 6,1

