#
#	These puzzles are from Rachel Benns wonderful site:
#
#		http://www.playtsunami.com
#

[A Little Note]
Author Han
Site http://www.playtsunami.com/
x 2 4 6 6 4 12 2 2 2 2
y 0 2 3 1,2 1,2 1,1 1 1 1 2,1 5 6 6 4 2

[A Tout Vitesse]
Author Andy G.
Site http://www.playtsunami.com/
x 8 2,2,2 2,2 2,1 1,4,2,2 1,3,1,2,2,1 1,2,1,2,4 1,1,1,2,2 1,5,2,1 1,1 1,5,2,1 1,1,1,2,1 1,2,1,2,1 1,2,1,2,1 2,3,2,1 2,2,2,1 2,1,2,1 2,1 2,1 1,1,3,2 2,3,2,1 1,1,2,4 1,1,2,2 2,6 1,1,5
y 12,1,2,1 2,2,1,1 2,4,3,2,1,1 2,3,1,1,2,2,1,2,1 1,2,1,1,2,2 1,1,1,1,2,3 2,5,7,4 2,5 1,5,7,2 1,5,7,2 2,2 2,2,2,2 23 1,2,1,2 2,2

[Barney]
Author K&S
Site http://www.playtsunami.com/
x 8 4,9 2,2,11 1,2,4,7 2,4,7 1,2,2,8 2,2,8 2,2,12 4,1,2,7 1,5,2,7 1,1,2,2,6 1,1,1,4,6 1,1,1,1,4,5 1,3,1,5,4 1,1,3,1,4,4 1,1,1,1,4,1,3 1,1,1,2,3,1,2 1,1,1,2,1,2,2 1,1,2,1,2,1,2 1,1,1,2,4,3 1,2,1,1,2,5 2,4,1,1,5 1,1,3,4,5 3,4,11 1,2,8
y 14 5,3 3,8,2 2,2,11 1,2,2,2 2,2,2,2,2,1 3,5,1,1,1,2 3,2,1,1 1,7 1,2 3,5,1,2 1,1,2,2,2 1,2,1,6 2,2,3,2,1 1,1,5,2,2 2,1,10,1 3,1,5,1 8,5,2 10,1,2 12,2,2 13,5 15,5 16,6 25 20

[Bear]
Author No Carim
Site http://www.playtsunami.com/
x 5,6,3 4,11,1,2 7,13,2 1,1,18,2 1,1,18,2 1,1,17,2 1,2,17,2 1,2,17,1 1,2,8,4,1 1,2,8,2,3,1 1,1,7,2,2,1 1,1,3,1,3,2,1 3,2,4,1,2,3,1 1,6,2,2,1,1 1,3,3,1,1 2,1,2,1,1 1,2,2,2,3,3 3,1,1,2,3,2,2 1,7,1 1,4
y 11,3 1,4,1 11,1 1,4,2 4,7 15,1 12,3,1 2,8,2,2 1,8,2,2 11,2,2 12,2 10,3 10,4 8,2,4 8,2,1 8,4,2 8,1,2,2 8,2,1 7,3 8,2 8,2 13 1,9 7,2 14,3

[Bird]
Author Angel
Site http://www.playtsunami.com/
x 1,1 2,2 1,1,3 3,1,3,1 2,1,4,1 4,8 2,1,5 5,6 12 4,2,6 3,2,1 3,1 4 3 2
y 5 7 1,1,3 7 1,3 1,1 5,4 9 7,4 9,4 4,6,3 6 1,1 1,1 3,3

[Bluebell]
Author Myarine
Site http://www.playtsunami.com/
x 0 3,3 4,4 5,5 5,5 4,5 4,4 2,7 1,5,4 9,5 5 5 4 3 0
y 0 4 4,1 4,1 5,1 5,1 4,1 3,1 1 2 1 1 1 3,2,3 4,1,4 5,1,5 11 9 7 5

[Bring Bring]
Author Noonoo
Site http://www.playtsunami.com/
x 1,3,8 2,1,4 4,2 2,2,1 1,1,1,1 3,1,3,1 3,1,1,1,1 1,1,1,2,1 3,1,1,1,1,1 3,1,3,1 1,1,1,1 3,2,1 4,2 1,2,4 4,8
y 3,3,6 3,2,2,2,1 1,13 3,3 1,1 1,1 2,3,2 4,4 3,3,3 2,1,1,2 2,1,2,2 1,1,1,1,1 1,3,1 1,1 1,9,1

[Car]
Author Mizz Alice
Site http://www.playtsunami.com/
x 0 3 1,1 4,1 1,2 1,1 1,1 1,1 1,1 3,1 1,1,2 1,1,1 3,1 1,1 4
y 0 0 0 10 1,1,1 1,6 3,1 1,1 2,7,3 2,2

[Cats]
Author Dom
Site http://www.playtsunami.com/
x 1 4,5 9 4,5 1,2 2 4 1 1 4,1 7 4,3 1,3 3 3 2 2,1,2 4,2 4 2
y 1,1,2 3,4 3,1,1,4 5,1,3,2 1,1,3 3,1,5,1 3,1,1,1 3,2,5,1 5,7 4,8

[Clefairy (from Pokemon)]
Author Lemmyk
Site http://www.playtsunami.com/
x 3,7,2 2,1,1,2,1 1,2,2,1 1,3,1,1 3,1,1 1,1,3,1,1 1,1,1,1,1 1,1,1,1,1 1,1,1,1,1 1,2,3,1,1 3,1,1 1,3,1,1 1,2,2,1 2,1,1,2,1 3,7,1
y 4,3,4 2,2,2,2 1,1,2,1,1 1,1,1,2,1 1,1,1,1 1,3,1 1,1,1,1 3,1,1,3 1,2,1,1,2,1 1,1,1,1 1,1,3,1,1 2,2 6,5 1,3,1 5,5

[Crappy Copter]
Author Owen
Site http://www.playtsunami.com/
x 5 4 1,3,1 1,2,2 1,2,1 1,3,1 1,4,1 1,6,1 1,7,1 1,9,1 1,9,1 1,10,1 1,4,7 5,4,1 6,6 5,6 1,4,5,1 1,10,1 1,9,1 1,2,4,1 1,2,4,1 1,2,3,1 1,6,2 1,3,1 1
y 1 23 3 5 12 14 1,6,3,2 2,6,2,1 3,7,2,2 13,8 24 16 12 7 2,1,2,2 20 0 0 0 0

[Dancing Man]
Author Yc
Site http://www.playtsunami.com/
x 7 1,5 1,1 1,1,3 1,4,1 5,1,1 2,1,9 2,3,1,1 2,7 3,1,1,5 1,5,1 1 2,1 4,1 1
y 5 7,2 1,1,1 1,2 5,2 2 1,7 2,2,1,1,2,1 1,1,1,1,1,1,1 1,2,1,1,1 2,6 2,1,1 5,1,1 1,1,1,1 1,1,2,2

[Dog House]
Author Sean
Site http://www.playtsunami.com/
x 1 3,3 2,2,1 9,1 1,1,1,3 3,2,1 3,1 1,3,3 1,1,2 2,6 3,9 1,5 1,1,4 2,1,4 1,5,4 3,5 4,2,5 4,2,1 3,3 5,1
y 1,3,3 3,1,3,1 3,1,1,1,2 1,3,4 3,1,6 3,7 1,1,1,1 1,3,1,2,1 1,3,2,1,2,1 6 12 8 1,1,1,8,1 8,7,2 1,1,1,2,2,1

[Duck]
Author Vince
Site http://www.playtsunami.com/
x 1 1,1,1 2,1 3,3 1,7 6,2 4,2,1 2,2,1 2,1 4 4 4 4,1 2,1,1 1
y 3 1,3 7 5,1 2,3 11 2,7 2,3,3,2 7 2,2

[Eye]
Author Ronnay
Site http://www.playtsunami.com/
x 17 7,2,1,1,3 5,1,1,2,2 5,1,1,1,1 4,1,2,1,1 4,1,2,1 4,1,2,1 3,1,5,1 3,1,4,1,1 3,1,3,1,2 3,1,6,1 3,1,6,1 3,1,1,3,2 3,1,1,1,1 3,1,4,1 3,2,1,1 2,2,1,1,1 2,2,1,1,1 2,2,1,1 2,4
y 10 13 16 7,3 5,2 4,2 3,8,1 2,2,2 2,1,6,2 1,1,7,2,2 2,9,2,2 2,2,2,3,1,1,2 1,1,1,4,1,1,1 2,1,2,1,2 1,1,1,1,2,1 16,1 1,2 2 3 5

[Feline]
Author Cat
Site http://www.playtsunami.com/
x 4,2 2,4 6,1 2,6 7 3 3 1,3,1 1,6 1
y 0 2,2 5,1 1,1,1,1,1 5,1 8 8 9 1,1,1 2,2

[Flowers In The Grass]
Author Ashley Smith
Site http://www.playtsunami.com/
x 7,3,8 6,2,1,7 5,2,1,2,6 4,1,3,2,4 3,1,5,3,3 2,1,1,5,2,1,2 1,1,1,3,1,1,1,1 1,1,1,1,1,1,3,1,1 2,1,2,1,1,2 3,1,1,1,1,1,1,1,2 4,13,1 3,1,1,1,1,1,1,1,2 2,1,1,1,1,1,1,1,2 1,1,1,3,3,1,1 1,1,1,5,1,1,1,1 2,1,1,5,2,1,2 3,1,3,3,3 4,2,1,3,4 5,2,1,6 6,4,7
y 20 6,5,5 5,2,3,2,4 4,1,1,1,1,1,3 3,1,1,2 2,6,1,5,1 1,1,4,1 2,2,1,1,1,2,2 2,4,3,4,2 1,6,1,6,1 1,4,3,4,1 2,2,1,1,1,2,1,1 1,2,3,2 2,6,1,6,1 3,2,1,3,1,2,2 3,1,2,1,2,1,2 4,1,5,1,3 5,2,1,2,4 6,2,2,5 20

[Genie]
Author Demi
Site http://www.playtsunami.com/
x 3 1,1 1,2 1,2 6 1,3,1 2,1,2,1 3,1,1,1,1 3,1,2,2 4,1,3 6,1,1,4 5,8 4,4,3 3,4,2 2,3,1 1,3,1 1,2 2 2 1
y 1 3 2,5 1,1,7 1,1,9 1,4,7,2 2,1,2 16 3,6 3,6 3,3 1,2 1,4 1,6 1,9

[Grandad]
Author Gerry Hollont
Site http://www.playtsunami.com/
x 5,3 3,4,3 1,1,1,2,1 1,3,2,2 1,1,2,2 1,1,3,4 3,3,1,2 1,1,1,1 3,2,1,2 1,1,2,4 1,1,1,1,2 1,3,1,2 1,1,1,1 3,4 5
y 2,2 1,1 2,4,4,2 4,3,4 1,1,1,1,1,1 2,2,2,2 2,1,1,2 1,5,1 1,2,2,1 1,2,1 2,2,2 4,5 3,1,1 4,4 11

[Handprint]
Author Ronnay
Site http://www.playtsunami.com/
x 8 12 11,2 11,3 2,7,4 3,1,5,3 6,5,4 10,1,3 1,3,1,2 2,1,2,2 9,2 9,1,3 2,1,2 3,3,2 9,2 7,9 4,9 2,10 12 8
y 8 4,7 5,2,4 2,3,2,4 3,2,2,5 3,3,2,3,1 5,2,2,2,2 5,2,2,3,3 6,8,3 8,2,4 7,5 7,5 7,2,5 3,2,1,1,5 1,4 4,4 5,3 5,1,3 12 8

[Heart]
Author Ems
Site http://www.playtsunami.com/
x 5 7 9 11 12 13 13 12 13 13 1,9 2,7 2,5 2,3 5
y 3,3 5,2,2 6,2,2 11,2 12,1 13,1 15 15 13 11 9 7 5 3 1

[High Rise]
Author Harriet Rees
Site http://www.playtsunami.com/
x 1,1 1,2 1,2,3 10 1,4,4 15 1,4,4 10 2,3 3 1,1,1,3 3,1,1,3 2,2,1,2 5,1 3
y 1 3,3 1,5 1,1,1,1,2 1,3,1,3 5,3 7 7,1,1 1,1,1,1 1,1,1 1,1,1 5 10 12 14

[In Dock]
Author Big Al
Site http://www.playtsunami.com/
x 5,11,1 2,3,7,1,1 1,4,8,1 1,2,1 4,3,1,1 1,1,1,3,1,1 4,1,3,1 1,1,4,2 2,2,1,2 1,1,1,2 1,1,2 1,17 1,17 2,16 1,14 15,1 1,11,1 11,1,1,1 6,2 3,1,1
y 3,6 2,5,5 1,1,1,1,1 2,1,1,6,1,1 9,9 2,9 1,1,1,9 1,1,1,1,1,8 1,1,3,8 5,1,8 3,1,7 3,1,7 3,1,6 3,2,6 7,9 3,2,5,1 1,1,2,4,1,1 1,1,2,4 1,1,1,1,5,1 1,1,3,1,1

[Jumping Dolphin]
Author Gyllene_tjej
Site http://www.playtsunami.com/
x 1 2 2 4 2,3 6 6 5,2 5,3,2,2 5,3,6 6,1,2,2 7,1,1,2 7,1,3 8,2,3 2,5,7 1,5,2 11 9 7 4
y 5 5 7 11 13 1,12 17 7,6 8,4 3,2,4 3,2,4 2,1,4 1,4 1,3 2,5 2,5 6 4 2 2

[Lambda]
Author Yesnomaybe
Site http://www.playtsunami.com/
x 1 2,2 2,3 1,3 7 6 6 5 3 1
y 3 2,2 1,2 3 3 4 5 2,3 3,3 3,3

[Little House]
Author Bikermum
Site http://www.playtsunami.com/
x 2 1 9 2,1 3,2,2,1 4,2,2,1 5,1 4,2,4 3,2,4 2,1 9 2 3,1 4,1,1 3,1
y 0 1 3 5 7 9 1,1,1 1,2,2,1,3 1,1,2,2,5 3,5 1,2,2,1 1,2,2,1,1 1,2,1,1,1 9,1 0

[Luv Ya!]
Author Cece
Site http://www.playtsunami.com/
x 3 4 4 4 3
y 2,2 5 5 3 1

[Mickey Mouse]
Author Brittany
Site http://www.playtsunami.com/
x 2 3 2 3 2
y 2,2 5 3 0 0

[Mr Angus]
Author Takis
Site http://www.playtsunami.com/
x 3,1 1,2,2,6 2,3,3,10 4,2,7 3,13 3,13 4,2,7 2,3,3,10 1,2,2,6 3,1
y 6 8 4 1,1 2 6 6 2,2,2 2,2,2 1,2,1 2,2,2 2,2,2 6 6 4 6 6 2,2 2,2 2,2 2,2 2,2 2,2 2,2 3,3

[Music]
Author Loumtom
Site http://www.playtsunami.com/
x 2 4 6 6 4 18 3,2 3,2 3,2 3,2 3,2 3,2 3,2 3,2 3,2 3,2 3,2 3,2,2 3,2,4 3,2,6 3,2,6 3,2,4 18 0 0
y 3 6 9 9,1 9,3 9,6 6,6,1 3,6,1 1,6,1 6,1 3,1 1,1 1,1 1,1 1,2,1 1,5 1,6 1,6 1,4 2,1,2 5 6 6 4 2

[No Name]
Author Leisl
Site http://www.playtsunami.com/
x 4,3 3,1,4 2,5 9 3,4 4 3,5 5,5 2,2,6 3,8 13 5,5 4 5 6
y 0 2 4 2,3 2,2 2,3,2 4,2,2 2,2,3 1,2,2 2,2,3,1 2,6,2 14 15 15 15

[Outlaw]
Author Doug
Site http://www.playtsunami.com/
x 4,2,6,2 3,2,6,2 3,2,6,1 2,2,5,2 2,2,4,3 3,6,4 2,6,4 2,6,5,1 1,4,1,5 6,2,2 7,3,2 5,1,2,2 4,1,2,1,1 3,8 2,3,3 2,2,1,1 1,2,1 2,1,1 1,2,1 1,2
y 5,3 6,3 3,4,3 1,4,4 3,5 3,6 2,8 1,8 9 7,2 8,2 4,2,1,1 4,1,2 3,2,6 2,1,1,5 1,9 7,1 1,5,7 2,4,4,2 5,9

[Pacman]
Author Gary
Site http://www.playtsunami.com/
x 4 3 0 1,1,1,1 1,3,2 1,3,2 1,1,1,1 0 3 4
y 1,4,1 1,1 1,1,1,1 1,2,1 4 2 0 1,4,1 1,2,1 1,1

[Persian Rug]
Author Jkwilks
Site http://www.playtsunami.com/
x 15 1,1 1,1,1,1,1,1,1 1,5,2,1,1 1,2,3,1,1 1,2,2,1 1,3,1 1,4,3,1 1,1,1,1,1,1,1 1,1,1,1,1,1,1 1,2,1,1,2,1 1,1,2,2,3,1 1,2,1,1,2,1 1,1,1,1,1,1,1 1,1,1,1,1,1,1 1,6,3,1 1,1 1,1,2,1,1,1 1,2,3,2,1 1,4,4,1 1,9,1 1,1,1,1,1,1,1 1,9,1 1,1 15
y 25 1,1 1,2,9,1,1,1 1,2,1,1,1,1,2,1,1,1 1,3,1,1,1,4,1 1,1,1,3,1,3,2,1,1 1,2,2,1,1,1,4,1,1 1,1,1,1,1,6,1 1,1,3,2,1,2,1,1,1,1 1,3,1,1,1,1,1,2,1,1 1,1,3,1,3,5,1 1,1,1,1,3,1,3,1,1 1,1,7,1,1,1,1 1,1 25

[Playing Guitar]
Author K&S
Site http://www.playtsunami.com/
x 7 9 5,2 2,3,2,1 2,2,3 1,3,2,3 9,3,3 1,3,2,1,4 1,2,1,1,1,4 2,1,2,4,5 1,1,2,7 1,1,2,3,2 1,1,2,4,1 3,1,2,4 7,3,2,6 9,1,2,6 5,6,2,7 4,1,6,5 3,1,2,3,5 3,3,1,1,4 4,3,3 2 4 2 4
y 4 6 8 5,2 8,1 4,2,3 3,2,1 2,1,2,2 2,1,2,4 1,4,1 1,3,1,1 2,5,1,1 3,1,8 2,2,2,2 2,2,3,1,1,1 2,2,16 2,1,10,5 2,4,4,1,1 2,3,2 2,7 2,10 2,4,9 8,8 8,7 10,6

[Rainy]
Author Clinton
Site http://www.playtsunami.com/
x 4 2,3 1,2,1,1,1 1,3 1,1,2 1,2,2,1,2 1,1,1,1 1,1,2 1,1,2,1,2 1,1,2 1,1,2 1,2,1,2,1,1 1,2,1 1,1,1,1,1 1,1,1 1,1,1 2,2,1,2 2,2 4 2
y 2,2,3 2,2,2,2 3,2,2 2,2,2,2,2 1,1,2,2,2 2,3,3 4,11 10 3 1,1,1 1,1,1,1 1,1 1,1,1,1,1,1 1 1,1

[Ruud]
Author Sir Alex
Site http://www.playtsunami.com/
x 0 9 13 9 9,5 8,7 1,7,8 1,7,2,5,3 6,11,2 4,11,2 10,2 10,2 4,5,2 2,2,3,2 5,2,3,2 5,3 5,3 5,2 4 7 5,1 6 6 6,3 6,4
y 4,2,6 5,6 8,4,6 9,12 9,12 9,6,4 9,7 8 7 1 1 1,2 1,8 8 5 5 5 11 13 14 9,3 3,5,1 3,2 10,2 9,2

[Serpent]
Author Ronnay
Site http://www.playtsunami.com/
x 3,4 6,2,1 1,5,3 7,2 9,1 6,1,1 6 6,1 1,4,2 5,1,2 4,1,4 2,2,1,1 3,3,1 3,3 3,3
y 3,3 1,5,1 11 12 13 8,1,1 5,3 1,3,1,1 2,1,3 1,1,2,1,1 2,1,3 2,2,1 1,1,1,2 4,3,1 2,1,1,1

[Skull]
Author Simon Newsome
Site http://www.playtsunami.com/
x 4,1,6 2,3,5 1,5,1,4 6,2,1 4,1,1 2,5 2,4 3,3,2 1,2,3 3,1,1 2,3 2,1 1,3,2,3 3,1,2,5 7,7
y 3,3 2,2,2 1,3,2 1,4,1 3,3,3 3,2,1,1,1 4,4,3 2,1,1,1 3,1 1,4,1,1,1,1 2,1,3,1,2 3,4,2 3,2,1,1,3 3,10 4,2,1,3

[Smiley Face]
Author Topcat
Site http://www.playtsunami.com/
x 1 4,1 6,1 2,4,2 2,4 2,1,1,3 1,2,1,3 2,1,1,2 2,3,1,2 1,1,1,2 2,2,2,3 1,3 2,4,1 7,1 3
y 2 6 2,3 2,2 3,2,2,1 2,1,1,2 2,1,2 2,1,2 2,2,1 2,1,1,2 1,5,1 2,1 3,3 9 14

[Special Birthday??]
Author Az
Site http://www.playtsunami.com/
x 1,8 1 5,1,2 1,2 1,1,1,1 1,1,3 8 6 5,1,2 6 10 5,1 2,7 1,3 5,3 6 9 5,1 1,3,4 2,5
y 1,2,9,2 1,1,7,4,1 1,1,6,6 1,1,1,13 1,2,14 2,2,2,2,1,4,1 1,1,2,1,3,2,2 1,2,1,1,1,1,2 1,1,1,1,1,1,1,4 1,1,1,1,1,1,1,1,2

[Stag Night]
Author Biggles Uk
Site http://www.playtsunami.com/
x 17 18 18 18 16 10,2,1 10,1,2 9,2 9 9,1 9,3 10,2 9,2 1,8,2 1,8,3 7 1,6,1 5,3 2,1,1 3,1,1 1,2,2 2,3,8 5,14 5,16 22
y 6,2,1,2,3 8,3,3 14,1,4 15,4 16,3 17,1 18,2 17,4 16,4 7,4,4 6,3 5,3 5,3 5,4 6,6 7,5 5,4 5,1,1,2,4 4,2,5,1,5 4,3,6,9 4,4 3,2 2 0 0

[Super Pixel]
Author Authors Name
Site http://www.playtsunami.com/
x 5 3,1,8,1,1 1,3,1,1,3 1,3,1 5,1,2,1,1 1,1,2,5 5,1,3,1,1,1 1,1 5,8,2,2 1,1,3 3,1 8,3 5,1,1,2,2 1,1,1,1,3,1 1,1,1,1,2,5 1,2,1,1,1 5,1,3,1,1,1,1 1,2,1,1 2,2,8,5 1
y 2,1,1,3,3,3 1,1,1,1,1,1,1,1 2,1,1,3,3,2 1,1,1,1,1,3 2,3,1,3,1,1 0 8,8 1,1,1,1 1,1,1,1,1,1,1,1 1,1,1,1,1,1,1,1 1,1,1,1,1,1,1,1 1,1,1,1 1,2,1,1,2,1 8,8 0 3,3,1,1,3,1 1,1,1,2,2,1,1 3,1,3,3,1 1,1,2,2,1,1 1,3,1,1,3,2

[Tablelamp]
Author Phil
Site http://www.playtsunami.com/
x 3 5 7 9 5,4 5,4 5,4,1 4,4,2 5,4,2 5,4,2 4,6 4,5 4,4 5,4 5,3 7,2 4,2,2 2,4,2 2,3,1,1 2,3,3 4,3 3,1,3 2,2,3 1,3,1 1,1,3,4,1
y 0 0 0 0 3 5,1 7,3 9,5 5,11 5,8,2 5,5,4,1 4,2,2,3 4,2,3,1 4,4 4,3,2 4,2,1 4,2,1 4,2,2 4,1,2 4,2,2 4,1,1 5,2,1 5,2 11,2 13,3

[Tank]
Author Olrick
Site http://www.playtsunami.com/
x 0 3 4 1,1,1 1,2,3 1,1,1,1 1,1,3 1,1,1,1 1,1,3 3,1,1 1,1,3 1,1,1,1 1,1,3 1,1,1,1 9 2,1,1,1 1,5 1,1,1 1,3 5,1
y 5 6,5 1,2,1 11,1 2,3,1 1,1,1,1 19 2,1,1,1,1,1,1,1,1 19 0

[Temple]
Author Merlinadc
Site http://www.playtsunami.com/
x 1 4 7 6,1 4,1,2 2,2,1,1 2,2,2,1 4,2,1,2 2,1,2,1,2 1,1,2,4 1,1,2,4 2,1,2,1,2 4,2,1,2 2,2,2,1 2,2,1,1 4,1,2 6,1 7 4 1
y 4 2,2 2,2 3,3 2,2,2,2 2,2,2 3,3 5,5 2,8,2 3,4,3 2,2,2,2 2,8,2 2,2,2 2,12,2 5,6,5

[Third Dimension]
Author Laurie
Site http://www.playtsunami.com/
x 6,6 1,1,1,1 1,1,1,1 1,6,6,1 1,1,1,1,1,1,1,1 6,1,1,6 1,8,1 1,1,1,1,1,1 6,6 1,2,1 1,2,1 6,6 1,1,1,1,1,1 1,8,1 6,1,1,6 1,1,1,1,1,1,1,1 1,6,6,1 1,1,1,1 1,1,1,1 6,6
y 6,6 1,1,1,1 1,1,1,1 1,6,6,1 1,1,1,1,1,1,1,1 6,1,1,6 1,8,1 1,1,1,1,1,1 6,6 1,2,1 1,2,1 6,6 1,1,1,1,1,1 1,8,1 6,1,1,6 1,1,1,1,1,1,1,1 1,6,6,1 1,1,1,1 1,1,1,1 6,6

[Trick Winner]
Author Ivor
Site http://www.playtsunami.com/
x 3,3 1,1,3,1 1,1,5 1,1,3,1 3,3,2 5 8 9,2 9,3 15 15 9,3 9,2 8 5 2,3,3 1,3,1,1 5,1,1 1,3,1,1 3,3
y 3 1,1 5 1,1 0 3,2 5,4 5,6 1,1,1,8 3,8 10 10 12 12 10 2,2,2,3 2,1,1,1 4,5 6,5 6,3 0 1,1 5 1,1 3

[Waiting Room]
Author Niksindamix
Site http://www.playtsunami.com/
x 20 9,9 10,9 9,7,1 8,6,1 7,8,1 6,8,2 5,6,1 5,5,4 4,3,5 4,3,6 3,2,7 3,2,8 4,10 5,8 6,3 7,2,3 4,2,2,3 2,2,1,3 1,1,3
y 19 19 18 11,5 9,3 7,2 6,1,2 5,4,2 4,7,1 1,1,5,1,1 1,4,1 4,4,1 8,3 8,5 7,8 7,11 6,7 5,7,4 3,1,7,4 15,4

[Winter Night]
Author Jkwilks
Site http://www.playtsunami.com/
x 1,1,1,1,1 1,1,1,1,3,1 3,3,4,1 3,1,4,1 1,4,7 4,1,9,2 1,13,2 4,2,4,2 1,1,1,5 1,2,2,5 1,1,1,2 4 3,1 1,1,1 1,1,1 1,1,1 1,1,1 3,1 3,1 3,1
y 2,2,3 1,3 4,1,1,2 1,5 5,1 1,6 4,2,2 3 2 2 2 2 2 4 8 10,8 4,6,3 6,2,9 8 5,2,10

