#
#	These puzzles are from Rachel Benns wonderful site:
#
#		http://www.playtsunami.com
#

[A]
Author A
Site http://www.playtsunami.com/
x 0 3 1,1 3 0
y 0 3 1,1 3 0

[Animal]
Author Chrisja
Site http://www.playtsunami.com/
x 4 5 5 2,7 12 12 1,8 9 1,5 3,5 5,5 4,1 3,2 1,5 11
y 3 6 3,2 6 6,2,1 2,3,4,2 3,1,4,1 6,3,1 6,3,1 6,1 7,3 11 3,2,2 2,2,2 2,2,2

[Baby]
Author Christy
Site http://www.playtsunami.com/
x 4,8 3,5 3,4 2,3 1,3,3 1,2,1,2 1,4,2 3,3,1 1,2,1 1,4,1,2 3,1,1 2,1 1,1,2 1,5,2 1,5,2 1,3 2,3 3,4 6,2 7
y 7,1,8 4,4 3,3 1,4,2 1,2,2 4,2 2,1,1 1 2,1 4,1,1,1 1,2,2,2 4,1 1,1 1,1 1,2 2 3,1 5,3 7,1,7 19

[Basset]
Author Rachel
Site http://www.playtsunami.com/
x 5 2,2 2,1,1 1,3,1 1,3,2 1,1,2 2,3 2,1,1 2,1,1,1 2,2,1,1 2,3 1,2,1 1,1 1,5,1 1,7,1 1,9,1 10,3 1,7,1,1 1,5,1,1 7
y 6 2,2 2,2,1 2,4,1 2,7 5,1,1,7 2,1,1,7 2,2,7 1,4,7 1,2,1,4,1 1,2,2,1 2,3,1 10,1 1,1 11

[Bell]
Author Andrew Page
Site http://www.playtsunami.com/
x 2 3 2,1 5,1 5,1,1,1 2,1,1,1 2,3,3,1 2,2,1,1,2 1,2,1,1,3 2,1,1,1,4 2,1,1,1,2 1,1,1,1,1 2,1,1,2 2,3,1 2,1,1,1 5,1,1,1 5,1 2,1 3 2
y 2 6 2,2 2,2,2 2,2,2 1,2,1 1,1,1 1,1,1 1,1 1,1 1,1 14 1,1,1,1 16 2,2 2,2 20 3,1 4 2

[Birdie]
Author Becky
Site http://www.playtsunami.com/
x 1 1,6 2,4,2 8,2 2,4,2 4,4,1 3,3,1 3,4,2 2,6,3 18 11 18 3 5,2 7,3
y 3,1 5,1 7,1,1 4,1,1,1,2 2,1,1,2 3,1,1,2 7,1,2 7,1,2 10,1 2,5 1,4 2,4 1,3 1,3 1,3 1,4 2,4 2,5,1 2,4,2 6,2

[Boo!]
Author Spooky Tim
Site http://www.playtsunami.com/
x 1,10,3 4,1 2,1 1,3 7 5 2,2 3 1,1,2,4 1,1,6 2,1,3,3 3,2,2,2 9,2,1,1 6,1,1,2,1 4,6,2
y 1,3,7 1,2,5 3,4 1,4,3 1,3,1,1,2 1,3,2 1,1,1 2,3,3 2,3,2 3,2 2,1 1,6 1,5,1 3,2 2,3 3,1 4 1,2 1,1 2,2

[Bull Fight]
Author Bob
Site http://www.playtsunami.com/
x 2,1,12 1,1,1,3,9 1,1,2,1,4,3 1,1,1,3,1,5,1 1,1,2,1,7 1,1,1,1,7 1,1,9 1,2,2,1,6 1,6,1,1,4 1,5,1,2,2 1,4,1,4 1,1,1,1,5,5 1,2,1,2,1,1,10 5,1,1,9 1,2,1,1,8 1,1,1,8 3,1,1,1,1,4,3 1,1,1,3,1,1,2,4 1,1,1,2,1,2,6 1,1,1,5,1,9 1,1,5,2,2 1,1,1,1,6,1 1,1,10,5 3,1,1,8,1 1,1,1,3,13
y 1,1,1,3,2,1,2,1,1,2 1,1,1,1,1,2,1,1,2 2,1,1,3,3,2,1,1,2 8 6,3,1,9 3,2 3,1,3,3 1,1,1,4,1 1,2,2,2,1,1 7,6 2,2,7 2,2,5 4,2,1,4 2,5,2,4 4,4,2,2,4 1,1,3,2,1,3 3,1,3,3,2 5,1,8,1,1 7,6,1,1,1 8,6,2,1,1 2,5,6,2,1,1 2,6,5,3,1,1 3,5,9,2 3,6,10 4,5,10

[Butterfly]
Author Cyzaki
Site http://www.playtsunami.com/
x 15 1,1,1,1 1,1,6 1,1,2 1,1 1,1,1 1,2,1,1 1,2,3,1,3 1,2,4,1,1 1,6,1 6,1 5,2,1,1 1,3,2,1,3 1,2,1,1 15
y 15 1,2,1 1,2,3,1 1,2,5 1,6 1,6,1 1,4,2,1 1,1,3,2,1 2,1,2,1 1,1,1,1 1,1,1,1,1 3,1,1,1,2 1,1,1,1,1 1,2,1,1,1 15

[Castle]
Author Jessica
Site http://www.playtsunami.com/
x 6,8 3,6,8 14,8 2,2,2,6,8 14,8 3,7,8 7,8 3,7,8 14,7 2,2,2,6,6 14,5 3,3,5 3,3,4 5,3,3,2 5,3,1 13,2,2 5,2,5,7 14,8 13,8 5,6,8 5,6,8 6,8 6,8 1,8 1,8
y 0 1,1,1,1,1,1 5,5,2,2,2 2,2,2,2,8 3,3,8 3,3,8 1,1,1,1,8 3,3,1,2 3,3,4 1,5,9 16,6 23 11,8 11,2,8 11,2,8 11,2,10 0 13,11 14,10 14,9 13,9 12,10 10,10 9,9 8,8

[Catty]
Author Ivan Gray
Site http://www.playtsunami.com/
x 1,1 5,6 1,12 2,11 2,2,2,1,2 1,1,1,2 2,5,1,1 3,5,1 2,5,1,1 1,1,2,2 2,2,1,1,2 2,11 1,12 5,6 1,1
y 3,3 1,2,2,1 2,7,2 3,3,3 4,1,4 5,5 2,1,1,2 4,1,2,3 15 3,3,3 5,1,5 3,1,3 3,3,3 4,4 7

[Clover]
Author Tamara
Site http://www.playtsunami.com/
x 0 0 0 4,4 2,3,2 1,2,1 1,2,1 1,1 2,2 2,5 2,5 2,2 1,1 1,2,1 1,2,1 2,4,2 4,4 0 0 0
y 0 0 0 0 0 0 5,5 1,4,2 1,2,1 1,1 1,2 4,3 3,3 2,2 1,1 1,2,1 2,4,2 12 2 2

[Crooner]
Author Dom
Site http://www.playtsunami.com/
x 3 2,2,2 5,1,2 2,1,1 2,2,1,1 5,1,2 3,3 7 2,3,2 1,1,1,2 2,1,3,2,1 4,1,1,1,1,1 2,1,2,1 2,1,1 3,1,1 7,4 7,2,2 5,1,3 5,7 7,4
y 4,9 4,11 1,1,1,6 2,2,1,5 2,2,2,2,5 1,2,1 4,2,1 1,1 3,3,3,2 1,4,1,1,1 3,3,2,1,1 1,1,1,1,1,2 1,1,2,5,3 1,6,5 1,7,6

[Darth Vader]
Author Liz
Site http://www.playtsunami.com/
x 20 14,3 13,3 7,3 3,3,3 2,4,2,3 1,4,1,1 1,4,1,1 1,3,5 4,2,1 4,2,1 1,3,5 1,4,1,1 1,4,1,1 2,4,2,3 3,3,3 7,3 13,3 14,3 20
y 20 6,2,6 5,2,5 4,2,4 4,4 4,4 9,9 3,5,5,3 3,5,5,3 3,3,3,3 3,2,3 3,4,3 3,2,2,3 2,1,1,1,1,2 1,1,1,1,1,1 1,10,1 1,1 6,6 6,6 6,6

[Dominoes]
Author Csclater
Site http://www.playtsunami.com/
x 20 1,4,1,2,1,2,1,1 2,17 3,2,1,2,1,2,1,1 20 5 3,1 2,2 1,3 5 15 1,1,2,1,6 2,4,4,2 1,1,2,1,6 15 5 5 2,2 5 5
y 15 1,6,2,1,1 2,4,4,2 3,2,4,1,1 15 5,5 1,1,1,1,1,1 5,2,2 1,1,1,1,1,1 5,5 5,10 1,1,1,10 5,2,4,2 1,1,1,10 5,10 5 1,1,1 5 1,1,1 5

[Eight Ball]
Author Yoni
Site http://www.playtsunami.com/
x 5 9 2,5 2,8 1,10 1,12 1,3,5 4,1,1,4 4,1,1,1,4 4,1,1,1,4 3,1,1,3 4,4 11 9 5
y 5 2,5 2,7 2,9 1,3,3 2,2,2,3 2,3,1,1,3 2,3,2,3 6,1,1,3 6,2,3 6,3 13 11 9 5

[Face???]
Author Jkwilks
Site http://www.playtsunami.com/
x 4,6 5,1 4,1,4,1 6,2,1 4,2,2,2,2 3,4 2,3,2 1,2,2,1 1,1,1,1,1,1,2 1,1,2,2,2,4 1,1,3,3,5 1,2,3,5 1,3,2,1,2,1 2,5,4 2,5 2,2,2 11,1 0 0 0
y 0 12 7,2 6,4,2 5,2,2 2,1,3,1,1 3,2,2,1,1 1,1,1,1,1,1 1,1,1,2,2,1,1 1,1,3,2,1 1,1,3,1 1,1,1,2,1,1 1,1,5,1 3,3,1 2,6 2,6 2,3,2 10 2,4,2 2,2,2

[Fighter]
Author Chrisja
Site http://www.playtsunami.com/
x 4 4 6 3,3 4,4,7 4,4,1,1 13,1,2 3,1,5,3 2,3,3,3 4,1,1,1 3,1,2,3 2,1,1,5 4,1,3,1 5,1,5 7,6 1,7 1,5,2 1,2,2 2,2 1,3
y 8 10 4,2,3 3,1,3 3,2 1,3,2,1 1,1,2 1,2,5 4,1,2 6,2 9,3 7,5,1 1,2,8 5,2,4 4,2,5 4,2,2,5 2,1,1,2,2 1,1,3,1,1 1,3,1,1,1 1,1,2,1

[Focussed]
Author Dom
Site http://www.playtsunami.com/
x 3 1,1,2 6,2 2,1,1,2 2,1,7 6,4 12 6,2 6,2 2,2,2 1,1,1,1 2,1,1,1 3,1,1,1,1 5,1,5,1 2,2,2 6,5 4,2 3,1,2,1 5,2 5
y 7,4 10,3 1,1,5,4 9,1,4 1,4,3,3 9,4 1,1,1,3,4 1,1,1,2,1 1,1,4,2 1,1,1,1,1 1,1,1,2,1 5,1,1,1,1 2,1,2,1,1,1,1 2,1,2,2,2 1,1,1,4,3

[Girl]
Author No Carim
Site http://www.playtsunami.com/
x 9 10 11 7,3 14,3 14,3 15,3 16,2 16,4 16,7 11,2,7 2,7,1,1,7 2,5,2,1,7 2,1,1,1,6 2,2,1,2,1,6 1,1,2,1,1,6 2,2,3,2,7 5,1,1,1,7 3,3,3,7 3,2,5,7 15,6 4,15 6 5 3
y 7 11 4,5 6,5 8,6 9,4,2 9,1,2 9,3,1 9,2,3 8,7 7,2 6,1,2 6,3 7,2,2,4 8,3,4 11,6 8,7,3 7,1 5,4,4,1 4,15 3,17 3,18 7,17 7,16 6,15

[Grapes]
Author Chrisja
Site http://www.playtsunami.com/
x 2,4 2,1,5 2,4,1,5 2,2,2,1,1,5 2,1,6,1,1,1 2,1,1,1,4,5 2,2,4,1,2,2,2 2,3,4,1,1,1,1 2,15,5 2,9,1,2,2,1 2,8,1,1,4 2,9,2,4 1,14 1,15 2,15 3,12 17 19 20 20 11,7 11,3 5,5 4,4 1,2
y 16,5 12,2,8 1,7 6,8 9,7 12,6 2,8,8 1,17 2,19 24 1,1,17 2,1,4,9 6,1,9 1,1,14 1,2,1,11 2,5,10 4,13 1,2,1,1,8 2,4,1,6 4,3,4 1,2,1,1,1 1,4,1 3,3 2,1 3

[Happy]
Author Sarah
Site http://www.playtsunami.com/
x 1,1 10 1,1,1 1,1,2,1 1,3 1,3 1,1,2,1 1,1,1 10 1,1
y 1,1 10 1,1 1,1,1,1 1,1 3,3 1,4,1 1,2,1 10 1,1

[Hebrew Blessing]
Author Talanimal
Site http://www.playtsunami.com/
x 0 4 1,1 1,1 4 0 1 4 0 2 1,1 1,1 4 0 4 1 4 1 4 0
y 1 4,2,4,1,1,1 1,1,1,1,1,1,1 1,1,1,1,1,1,1 4,1,3,5

[Homesick]
Author Tim
Site http://www.playtsunami.com/
x 1,3,9 1,1,4 1,4,1,4 1,1,1,1,4 1,2,2,6 2,1,1,1 1,1,3 6,3,1 2,1,1,2,1 6,3,1 3,2,3,1 1,8,1 3,2,1,1 2,3,1 1,2,2,1 1,4,2,1 1,4,2,1 2,2,1,1,1 10,1 3
y 4 1 1,1,12 1,4,4,2,2 1,1,1,1,4,2,1 1,1,3,1,5 3,1,1,3,5 1,9,2,1 1,2,1 1,6,5,2 1,1,5,4,1 5,14 5,1,1 5,14 5

[Inverse Eye]
Author Nif
Site http://www.playtsunami.com/
x 2,4,3,3 3,2,2,4 3,2,1,1 1,2,5,2 2,1,7,2 2,9,1 1,2,3,1 1,1,3 1,1,5,2 2,2,2,2 1,2,2,2,1 1,1,2,2,1 1,4,2,1 1,5,1,1 1,2,2,2,1 1,1,2,2,2 1,1,5,2 2,1,3 2,2,3,1 3,8,2 4,6,3 5,5,3 6,3,3 7,1,4 15
y 2,3,2,10 3,3,6,8 3,2,2,6 1,3,2,5,2,5 2,2,2,4,2,4 2,2,2,2,2,2,3 1,3,1,3,1,3,2 4,1,2,2,1,4,1 6,1,2,1,6 2,3,2,2,4,1 1,4,4,2,4,1 1,4,5,3,2 3,5,4,5 2,2,11,6 7,7

[Key]
Author Carim
Site http://www.playtsunami.com/
x 1,1,1,1,1 1,1,1,1,1 1,1,1,1,1 1,1,1,1,1 1,1,5,1,1 1,2,1,1,1,3 1,1,3,1,1,3 1,2,4,1,1,4 24 2,1,1,1,1,1,1,1,1 5,1,4,1,1 1,1,1,1,1 1,1,1,1,1 1,1,1,1,1 1,1,1,1,1
y 1 3 1,1 1,1 15 1,1 2 1 2 15 1,1 1,3 1,3,1 1,3,1 15 1,1,1 5 1 1 15 1 2 4 4 15

[Like A Candle In The Wind]
Author Hodgeheg
Site http://www.playtsunami.com/
x 25 25 23,1 23 23 23 7,1 6 7,1 23 23 23 23,1 25 25
y 15 15 15 15 15 15 7,7 6,6 6,6 6,6 7,7 6,6 6,6 6,6 6,6 6,6 6,6 6,6 6,6 6,6 6,6 6,6 6,6 2,2 3,3

[Lock]
Author K&S
Site http://www.playtsunami.com/
x 0 11 1,1,1,1,1,1 2,1,1,1,1,2 1,1,1,1,1,1 8,3,1,1,2 2,2,1,1,1,1,1 2,2,3,1,1,2 2,7,1,1,1,1,1 1,2,2,3,1,1,2 1,1,2,1,1,1,1,1 1,2,2,3,1,1,2 1,2,2,1,1,1,1,1 2,9,3,1,1,1 2,2,1,1,1,2 3,2,3,1,3 11,1,1,1,1,1 2,3,1,1,2 11 11
y 6 2,2 2,2 2,3,2 1,2,2,2 1,1,2,1 1,1,1,1 1,1,1,1 3,2,1,1 3,1,4,1,1 1,4,4,1 3,2,2,1 1,2,1,2 3,3,7 1,2,3,2,2 3,2,3,3 1,2,2,3,5 3,2,2,3,3 1,2,2,2,2,2 3,2,2,1,3 3,2,2,2,2 3,2,1,3 3,2,2,2 3,2,3 7

[Maniac]
Author Mr. Maniac 2002
Site http://www.playtsunami.com/
x 1 5 3 5,4 2,2,6 1,2,1,6 1,1,3,5 1,1,3,1,5 1,3,4 1,1,3,1,1,1 1,1,3,1 1,2,1,2 2,2,3 5,2 2
y 4,4 2,1,2 1,2,2,1 2,1,1,1,1,1 1,1,7,1 1,2,5,2 1,4,4,1 2,2 3,1,1,2 4,1 5,2 9 5 5 5

[Money Bag]
Author Scuba-steve
Site http://www.playtsunami.com/
x 6 1,1,4 1,8 1,11 2,4,2,3 6,2,2,2 2,3,2,2,2 1,2,2 2,3,2,2,2 2,4,2,3 15 2,9,1 1,7,2 4,2 6
y 4,5 8 1,1 7 9 5,5 1,2,5 1,2,2,1,5 4,2,7 1,3,6 7,1,3,1 4,2,1,3,1 5,3,2 10,2 11

[Mr Moon]
Author Dom
Site http://www.playtsunami.com/
x 1,3,7,2 3,4,1 2,2,1 1,1,2,1 1,2,1,3,2 1,1,5 1,1,4 2,4,2,2 4,4,5 9,3,1 9,2 1,2,4,4,1 2,5,7 3,5,3,3 1,18 4,1,2,5,4 3,8,3 1,1,4,1,1,1 3,8,3 4,1,2,5,4
y 5,6,2 2,2,5 2,4,2 1,3,2,1 1,5,1,1 3,9,1 1,3,3,1,1 11 14 1,8,3 1,7,6 1,4,3,2 2,7 3,5,2 5,5,1 2,10,1,1 1,12,1 1,2,2,6,2 1,5,8 2,3,3,2,3,2

[Musical Thing]
Author Jayjay
Site http://www.playtsunami.com/
x 5 2,3 2,2 2,1 2,2 1,3,1,2 2,1,1,1,4 7,2,1,1,4 11,1,6 2,19 5,1,9 3,2,1 2,1 2,3 8
y 1 3 2,2 2,2 2,2 4 3 4 6 2,5 2,3,4 2,5,2 2,1,2,1 1,1,2,1 1,1,2,1 2,5,1 3,2,2 4,2,2 10 3 2 4 5 5 2

[Off The Top Rail]
Author Bethany
Site http://www.playtsunami.com/
x 6 3,1,5 4,3 5,2 5,1 5,1 1,3,5,1 4,5,6 2,1,1,1,7 3,1,1,1,4 5,1,2,3 1,3,1 2,1,1 3,2,1 1,3,1,1 1,1,4,2,1 3,1,4,2 2,2,3 4,5 10
y 0 4,2 5,3 1,2,1,1 1,9 3,2,1 1,4 1,1 3,1,2 3,2,1,1,1 4,3,1,1,1 5,1,2,1 9,1,1 1,6,1,1,1 1,5,3,2,1 2,5,3,2 2,5,2 3,4,3 4,1,3,4 6,8

[Panda]
Author Iona
Site http://www.playtsunami.com/
x 9 1,5 4,7,3 2,3,4,2,2 3,2,2,1 6,2 4,1 3,4,1 1,2,2,1 1,3,1 1,1,1 1,2,1 1,1,1 1,3,1 2,2,2,2 5,4,3 3,2,3 2,4,4 2,4,4,1 9
y 3,3 6,5 1,13,1 2,3,1,1 2,2,3 3,2 1,1 1,1 2,1 2,1,1,1 3,3,3,1 1,1,1,1,1,1,1 1,1,3,3,1 1,1,2,2,1 1,2,2 2,2,3 2,2,3,4 3,2,1,5 4,2,4,1 5,7,2

[Phone]
Author Tanja
Site http://www.playtsunami.com/
x 0 0 4 3,2 2,3 3,3,7 7,4,2 6,7,1 4,10 3,6,3 3,4,2,1,2 3,2,1,1,1 3,2,1,1 3,2,1,1,1,1 4,2,1,1 3,2,1,1,1 4,4,1,2,2 6,6,3 3,2,10 2,4,9 2,4,8 6,6 4 0 0
y 0 0 0 0 5 8 7,2 8,4 7,6 6,6 5,3 6 6,1,1 2,2,2,2 1,4,9 5,11 3,4,4 4,1,1,1,4 4,1,1,3 4,1,3,4 4,1,4 1,2,1,1,4 1,3,1,1,1,5 2,3,6 17

[Plonk]
Author Tim
Site http://www.playtsunami.com/
x 2,1,2,1 7,3,1,2,2 7,1,6 3,1,1,1,6 1,1,6 3,6 9 4 4,1 1,2,2 1,2,2 1,4,3 11,1 1,5,1 11,1 6,3 6,2 5,2 4,1 4
y 2 2 2 2 3 4,1,1 5,1,1 1,13 1,1,1,2,1,6 2,1,1,8 1,1,1,2,8 1,9 2,2,1,7 1,3 7,1,1 7,1,1 5,1,1 5,2,2 6,3,3 6,11

[Rembrandt B321]
Author Doug
Site http://www.playtsunami.com/
x 20 10,9 9,9 3,5,8 3,3,3,3 3,3,1,7 3,3,8 2,2,10 2,15,1 2,9,2,1 2,2,1 2,1,1 2,2,1,1 3,2,2,1 7,2,1 3,3,2 4,1,3 3,1,4 3,1 0
y 19 19 7,6 3,1,1,1 4,5,3,1 10,5,1 7,2,1,2 5,2 4,1,2 2,2 1,3 3,3 4,4 9,1,1 9,2,1 14,1 4,6,1 9,1 8,8 9,2

[Scary]
Author Simon Newsome
Site http://www.playtsunami.com/
x 4 6,2 10,1 6,3,2 5,1,4,2 6,5,1 3,2,2,3,1 1,1,2,1,2,1 1,2,1,2,1 3,1,3,1 3,4,1 6,2 5,2 2,3 5
y 4 6 6,1 6,1,1 7,2 4,2,3 3,1,2,2 2,2,1,2 5,1,3 5,1,4 6,4,1 9,1 6,2 2,4 13

[Shark Attack]
Author Bethany
Site http://www.playtsunami.com/
x 0 2 5 14 15 16 16 16 16 7,5,2 7,8 6,6,1 9,5,1 8,6 6,3 5 5,1 4,1 4,1,3 4,6 6,6 10,1,3 3,4,5 3 0
y 2 1,2 2,3 3,6 2,10 4,12 19 14,3 13,2 11,2 9,1 9 8 7 8 9 9 10 10,3 10,2,2 4,5,6 8,5 2,1,5 4,5 2

[Skyline]
Author Eva
Site http://www.playtsunami.com/
x 1,1,1,1,1,1,1,1 1,1,1,1,1,1,1,1 1,1,1,1,1,1,1,1 1,1,1,1,1,1,1,1 16 1,1,1,1,1,1 19 1,1,15 1,1,1,1,1,1,1,1,1,1 1,1,1,1,1,1,1,1,1,1 5,1,1,1,1,1,1,1 1,1,1,1,1,1,1,1 4,1,1,1,1,1,1,1 4,1,1,1,1,1,1,1 1,1,1,1,1,1,1,1 20 1,1,1,1,1,1,1,1,1,1 20 1,1,1,1,1,1,1,1,1,1 20 11 11,1 1,1,1,1,1,1,1 1,1,1,1,1,1,1 1,1,1,1,1,1,1
y 5 5,1,1,1 1,1,2,5 5,2,1,1,1,4 5,1,1,2,5,1 1,10,1,1,4 5,2,5,1 1,10,1,1,4 5,2,5,1 12,1,6 5,2,7 12,1,6 5,2,7 12,1,6 5,2,6 12,1,2 5,2,6 12,1,2 5,2,6 12,1,6

[Snow Flake]
Author Bethany
Site http://www.playtsunami.com/
x 25 11,12 10,11 11,12 9,10 4,1,3,3,1,5 4,4,4,5 5,1,1,1,1,6 4,1,2,2,1,5 7,1,1,8 4,1,1,1,2,4 2,1,4,5,1,2 1,1 1,1 2,1,4,5,1,2 4,3,1,2,4 6,1,1,1,8 7,2,2,1,5 4,1,1,1,1,1,6 5,3,4,6 4,2,1,1,5 4,1,3,5,5 10,11 11,12 25
y 25 12,11 11,10 12,11 5,1,1,2,1,3 5,4,5,3 6,1,1,2,1,4 5,1,2,3,1,3 8,1,1,7 4,2,1,1,1,4 2,1,5,4,1,2 1,1 1,1 2,1,5,4,1,2 4,2,1,1,1,4 8,1,1,7 5,1,2,2,1,4 6,1,1,1,1,5 5,4,4,3 5,1,3,3,2,3 10,9 12,11 11,10 12,11 25

[Spitfire]
Author Louise
Site http://www.playtsunami.com/
x 3 1,1 1,1,1 1,1 1,1 1,1,1 1,1,1,1 1,13,1 2,2 2,2,1,2,1,2 2,2 1,13,1 1,1,1,1 1,1,1 1,1 1,1 1,1,1 1,1 3 0
y 0 1 7 1,1 1,1 1,1 1,1,1 1,1,1 7,7 1,1,1,1,1 1,1,1,1,1,1 1,1,1,1,1 7,1,7 1,1 1,1,1 1,1 1,1 1,1 9 1

[Starship Enterprise]
Author Dracgon
Site http://www.playtsunami.com/
x 1,1,1,3 1,1,1,1,2 1,1,1,1,2 1,1,1,1,1 1,1,1,1,1 1,8,1 1,1,1,1 1,8,1 1,1,1,1,1 1,1,6,1 1,1,1,1,1 1,1,1,1,1 1,3,1,1 3,2,1 3,3,1 1,5,1 1,5,1 1,3,1,1 1,2,3 1,1 1,1 1,1 1,1 1,1 1,1
y 0 14 1 14 1,1,1,11 6,6,1 1,1,1,11 1,1,1,4 1,1,1,4 1,1,1,4 18 1,1 2,1 2,1 16

[Swan]
Author Gyllene Tjej
Site http://www.playtsunami.com/
x 2 2 3,4,2 2,4,6,2 2,1,2,2,4 1,1,2,3 1,2,2,2 2,4,4,2 2,6,2 9,3,2 4,2,2 4,2,2 5,2,2 4,2,2 5,3,2 5,3,2 4,2,2 4,1,3,2 4,5,3 4,6,3 8,2,4 2,4,7 1,3,4,2 2,4,2 1,3,1
y 4 2,2 2,2 1,1,1,9,1 1,1,2,1,10 1,1,1,1,10 2,1,15 2,2,7,4 1,2,4,4 2,3,5 2,3,3 2,2,3,2 2,2,10 2,3,11 3,8,3 3,6,3 4,3 9,5 4,16 2,8,2

[Tank]
Author Chris
Site http://www.playtsunami.com/
x 2 1,2 5 6 3,1,1 4,1 5,1,1 9 9 9 5,1,1 5,1 4,1,1 8 8 2,5 2,1,1,1 2,1,1 2,1,1,1 2,5 2,5 2,5 2,1,1,1 1,1 2
y 0 6 18 19 12 23 1,2,3,3,3,1 5,5,5,5,1 3,3,3,3,1 21

[Thank You For The Music]
Author Han
Site http://www.playtsunami.com/
x 2 4 4 10 2 2,2 2,4 2,4 13 0 0 1,1,1,1,1,1 1,1,1 1,1,1,1,1,1 0
y 2 3,1,1 2,1,1 2,1,1,1 2,1 1,1 1,1,1,1 1,1,1 1,1,1,1 1,1 1,3 3,4,1,1 4,4,1 4,2,1,1 2

[Tobor! (monochrome)]
Author James "dexx" Dominguez
Site http://www.playtsunami.com/
x 15,1,1,3 4,1,1,1,1,1 1,1 10 6,2 5,1,1 1,3,1,2 1,1,1,1,1 1,1,1,1,1 1,1,1,4 1,1,3,3,1 1,1,4 1,1,3,2,2 1,1,1,3,2 1,1,3,3 1,1,3,12 1,3,2,11 11,11 6,10 1,1 4,1,1,1,1 15,1,1,1 1,1,1,2 17,1,3 4,4
y 7 2,1,7 2,1,2,2,2 2,1,1,1,2,2,2 2,1,3,2,2,2,2 1,1,1,1,3,2,5 1,1,1,1,1,3,1,1 1,1,1,1,1,2,1,1 1,1,3,1,2,1,1 1,1,1,3,1,1,1 1,14,1,1 1,9,1,1 1,1,1,1,1 1,10,1,1 1,3,6,1,1 5,5,1,1 1,7,1 4,4,1 1,9 1,1,4 1,1,4,1 1,1,4,1,1,1 1,1,4,1,2 2,1,4,1,3 1,1,4,4

[Turkey]
Author Simon Newsome
Site http://www.playtsunami.com/
x 1 6,2 1,3,2,2 1,1,1,2,3,1 1,5,3,4 1,1,1,1 1,5,2 3,2,4,1 1,4,2,3,2,3 2,6,8,2,1 2,13,5 1,4,8,2,2 2,2,3,8,4 3,2,10,3 4,1,1,7,2 4,3,1,5,3,2 4,3,1,2,4,2,2 1,2,2,1,6,4 1,2,1,2,2,1,1,3,3 5,3,1,2,2,2,3 2,1,2,2,2,3,3,1 2,3,2,3,3,2 5,2,4,4 3,2,4,2,3 1,2,3,4,2
y 2,3,2,2 2,2,2,3,2 2,2,4,5 2,3,2,3,2,2 1,1,2,2,1,1,2,2 1,1,1,2,1,2,3,3 3,1,2,2,2,6 4,1,2,1,2,4 2,1,1,2,1,2,3,3 1,1,1,2,1,2,5 1,1,1,5,1,4 1,8,3,3 1,6,2,6 1,7,8 1,1,10,3 1,1,14,1 1,2,11,6 1,1,1,1,2,3,3,5 3,2,2,3,3,2,1 1,2,2,2,3,3,2 2,1,2,2,3,2,2 3,5,5,2 13 1,1,6 1,1

[Watering]
Author Kate7
Site http://www.playtsunami.com/
x 5 1,1 5,1,1,1 1,1,2 5,1 1,1,2 3 5 3,4 2,1,1,2 3,1,2,2 4,1,1,1 2,1,1,5 1,7 1,2 3,7 5,6 3,1,4 4,4,2 3,1
y 3,4 5,5 1,1,1,1,3,5 6,1,1,2,1 1,1,1,2,2,2,1 6,1,1,1 1,1,1,1,1,1 1,1,1,1 1,1,1,1,2,1 4,1,4 9,5 1,4,2,3 1,2,2,3 2,3 1,3,2

[Yin-yang]
Author Drigz
Site http://www.playtsunami.com/
x 0 4 6 5,2 8 2,2,1 1,1,1 1,1 4 0
y 0 4 4,1 4,1,1 4,1 5,1 2,2,1 3,1 4 0

