#
#	These puzzles are from Rachel Benns wonderful site:
#
#		http://www.playtsunami.com
#

[Face]
Author Marianne Rugaard
Site http://www.playtsunami.com/
x 25 25 25 5,10 4,7 3,1,5 2,1,2,4 1,1,2,3 1,3,2 2,2 1,1 2,1,1 2,1 1,2,1 1,1,1,1 1,1,1,2 1,1,1,1,3 2,1,2,5 3,1,3,8 4,2,9 25 25 25 25 25
y 8,9 7,8 6,7 5,6 4,5 3,4,5 3,3,1,5 3,10 3,3,8 3,5,1,5 3,1,1,5 3,5 3,5 3,5 3,1,2,5 4,1,5 4,6 4,5,7 5,4,7 5,7 6,8 7,8 8,9 10,10 25

[Hackers]
Author Illusivemuse
Site http://www.playtsunami.com/
x 0 0 0 5,3 1,1,1,1,1 14,1,1,1,3 14,1,1,1,1,1 2,2,1,3,3 2,1,2,2,1,1,1,1 2,3,9,3 2,6,5,3,1,1 2,2,9,3 2,2,9,1,1 2,2,1,9,3 2,2,3,2,6,1,1 2,5,9,3 2,2,6,1,1 2,2,5,3 14,5,1,1 14,5,3 1,1,1,1,1 5,3 1,1 2 0
y 15 15 2,2 2,2 2,6,2 2,6,2 2,1,1,2 2,1,2,2 2,2,3,2 2,3,1,2 2,1,2 2,2 15 15 5,1 9 19 1,1,9,1 19 1,1,11,2 19,1 1 20 1,1,1,1,1,1,1,1,1,1 19

[Indian]
Author Ronnay
Site http://www.playtsunami.com/
x 12,1 12,3 18 16,1 6,3 4,2,1,2 3,3,1,1,1 3,1,1,2,1 3,3,1,1,1,1 3,1,1,1,1 2,2,1,1,1 2,1,1,1,1 1,1,3,1,1,2 1,1,2,2,3 4,1,3,3 6,4 16 2,10,2 3,8,3 3,8
y 6,4 9,3 16 4,5 4,2,1 4,2,2 4,1,1,2,1 4,4,5,2,1 4,2,1,1,2,3 4,1,3 4,2,2,3 4,1,3,1,4 4,2,4 4,1,4 4,5,6 5,2,1,5 1,3,2,3,1 3,2,3,2 2,2,3,3 4,7,2

[Japanese 5]
Author Yesnomaybe
Site http://www.playtsunami.com/
x 1 1,1,1 1,1,2 1,4,1 5,1 1,1,1 1,6 1,2 1,1 1
y 8 1 1 1 6 1,1 1,1 1,1 1,2 10

[Kermit]
Author Demi
Site http://www.playtsunami.com/
x 1 7,2 2,2,3 1,1,1,5 1,1,2,4 1,1,1,2,3 1,1,3,2 1,1,3,1 2,1,2,1 1,1,1 1,1,1 1,1,1 3,1,2,1 1,1,3,1 1,1,3,2 1,1,1,2,3 1,1,2,4 1,1,1,5 2,2,2 7,1
y 4,5 1,5,1 1,1,1,1,1,1 2,1,1,2 1,4,4,1 1,1 1,1 1,2,2,1 1,3,3,1 2,11,2 2,2,2,2 2,2,2,2 4,5,3 6,5 9,8

[Near The Lake]
Author Eva
Site http://www.playtsunami.com/
x 6 1,4,3 2,5,2 3,5,3 3,4,1,4 4,3,6 3,3,3 5,3,5 13 4,6,10 7,5,2 6,3,4 5,3,6 2,2,3 3,3 3,1,1 3,4,1,2 6,5 6,2,3 9,6 2,15 6,3 4,4 4,5 4,1,2
y 2,1 3,3 4,4 4,4 4,4 3,4 3,1,2 4,2,1 4,1,1 4,1,1 3,1,2 1,1,1 3,3,1,1 2,5,1,2 3,1,3,3,1,3 5,4,2,5 9,1,4 4,5,1,3 3,4,1,1,2 3,2,2,2,4 2,1,3,1,2,3,2 1,2,3,2,1,2,2 2,7,5,7 15,9 25

[Obey 2]
Author Anita In Spain
Site http://www.playtsunami.com/
x 11 13 3,3 8,8 9,9 10,10 7,7 25 8,8 8,3,12 8,3,12 8,3,12 8,8 25 8,8 16,8 16,8 16,8 7,7,7 6,14 5,5 4,12 3,11 13 11
y 11 13 15 17 19 21 23 25 2,3,1,1,3,2 2,3,1,3,1,5,4 2,3,1,3,1,5,4 2,3,1,3,1,5,4 2,1,1,5,4 2,3,1,3,1,5,4 2,3,1,3,1,5,4 2,3,1,3,1,5,4 2,3,1,3,1,1,4 25 23 21 19 17 15 13 11

[Quack]
Author Beckao
Site http://www.playtsunami.com/
x 4,1,1,1,1,1 1,2,1,1 2,1,1,4 1,2,2,1 13 4 3,1,8 3,1,1,2,1,1 4,2,1,1 7,1,1,1 4,2,1,2,1 4,1,1,1,1,1,1 4,1,1,1,1,1 1,1,1,1,1,1,1,1 1,1,2,1,1 1,1,1,1,2 1,1,2,1,2 1,1,2,2 4,2,3 4,1,4
y 14,3 1,1,9,2 2,10,2 6,12 1,2,1 1,4 1,5 1,1 1,1,6,3 1,2,5 1,2,4,1 3,1,1,2,1,1 1,3,3,1 2,1,1,3,2 1,1,1,1,1 1,1,3,2 1,4,2 1,1,1,2 1,2 1,1,3

[Rabbit]
Author Mieke
Site http://www.playtsunami.com/
x 0 4 6 7,2 6,2,3 2,6,3 2,2,4,3 1,2,4,3 1,1,3,3,1 2,3,5,2 1,4,5,2 1,3,2,2 4,2,4,1 3,3,5,1 10,1 12,1 12,1 11,1 11,2 13 12 10 5,2 3 0
y 0 0 3 2,5 2,3,2,4 1,2,4,5 4,5,7 4,5,9 10,10 7,12 3,3,3,10 6,3,12 3,4,12 5,11 4,2,10 4,4,4 3,3,5 13 0 0

[Say Cheese]
Author Louise Marden
Site http://www.playtsunami.com/
x 2,7 1,1,9 2,12 1,12 2,6,3 1,1,2,3,2 2,1,1,2,1 1,1,2,1 1,1,3,1 2,3,2 3,3 2,7 1,7 2,2 7
y 5 1,1,1,1 1,1 5 3 3,1 13 6,2,2 5,3,3,1 4,1,1,2,1 4,1,2,2,1 4,5,2,1 5,3,3,1 6,6 13

[Speed Freak]
Author Tim
Site http://www.playtsunami.com/
x 3 1,3 5 3,2 2,1,1 3,1,1 5,2 1,5 4,5 1,9 1,1,3 1,1,2 1,5,2 6,1,1 1,2,1,1 1,3,2 5 5 1,3 3
y 1 1 1 1 6 1,1,2 1,1,2,1 1,3,1,2,1 18 1,8,6,1 4,7,5 3,2,5,2,4 1,1,1,3,1,1,2 1,1,1,1 2,2

[Tank]
Author Demi
Site http://www.playtsunami.com/
x 2 1,1,3 1,1,1,2 3,1,1,1 1,1,1,1,1 3,1,2,2 1,1,1,1,1,1 1,2,2,2 1,1,1,1,1 1,1,2,2 1,1,1,1,1 1,1,2,2 1,1,1,1,1 1,1,2,2 1,1,1,1,1 5,2,2,2 4,1,1,1 1,1,1 1,2 3
y 1 1 1 7 9,2 1,1,1,1 7,2 11 4,2 2,1 1,13,1 3,1,1,1,1,1,1,2 1,1,1,1,1,1,1,1 1,1,1,1,1,1,1,1 13

[Waitress]
Author K
Site http://www.playtsunami.com/
x 3,1,4 2,2,1 1,1 1,4 2,4,3 7,2,1 1,1,1 5,3,1,1,1,1 5,1,8,2 3,2,1,4,2 2,1,3,3,2 2,1,1,1,4,2 2,1,1,2,2 3,4,3,2 5,1,8,2 5,8,2 3,1,1,1,1 1,1,1 2,1 3
y 5 7 2,2,3,3 2,2,2,1,1,2 1,1,2,2 1,2,2,1,2 2,3,1,1,1,1 1,2,4,2 2,3,1,1 1,1,4,5 1,1,3,1,4 1,2,1,3,4,1 1,3,4,1 1,10,1 1,1,4,2,1,1 1,2,1,3,1 1,1,1,2,1 2,2 8 10

