#
#	These puzzles are from Rachel Benns wonderful site:
#
#		http://www.playtsunami.com
#

[007]
Author Inge
Site http://www.playtsunami.com/
x 6,6 4,4 3,3 2,2 1,1 1,1 0 6,1 15 2,4,9 3,7 14 15 5,1 1,1 1,1 2,2 3,3 4,4 6,6
y 6,6 4,1,2,4 3,1,2,3 2,1,1,2 1,3,3,1 1,3,3,1 3,3 6 1,4 5 5 5 5 5 1,2,2,1 1,2,2,1 2,2,2,2 3,2,2,3 4,2,2,4 6,6

[A New World]
Author Jkwilks
Site http://www.playtsunami.com/
x 2,12,2 1,2,2,2 1,2,7,1,1 1,5,1,1 2,4,3,2 1,2,3,1 1,3,4,2,2 2,2,3,3,2 1,2,3,3,1 1,1,2,1,3,1 1,3,1,3,2,1 1,1,4,1,1 2,2,4,1,2 1,2,3,2,2 1,1,6,1 2,2,5,2,1 1,4,1,1 1,2,8,1,2 1,2,2,2 2,12,2
y 3,6,3 1,4,4,1 3,3 2,4,2 2,5,3,2 1,4,4,1,1 1,2,3,3,1 1,3,5,3,1 1,2,3,1,2,1 1,2,3,1,3,1,1 1,1,2,4,1,1 1,1,2,3,2,1,1 1,1,1,4,2,1,1 1,1,1,1,2,3,1,1 1,3,5,1 2,4,2 4,4,4 3,2,3 2,2,2,3 4,6,5

[Angel Of Joy]
Author Angelique
Site http://www.playtsunami.com/
x 25 9,9 7,7 5,5 4,5,4 3,9,3 3,11,3 2,13,2 2,15,2 1,15,1 1,17,1 1,7,9,1 1,6,4,1 1,7,9,1 1,17,1 1,15,1 2,15,2 2,13,2 3,11,3 3,9,3 4,5,4 5,5 7,7 9,9 25
y 25 9,9 7,7 5,5 4,5,4 3,9,3 3,11,3 2,13,2 2,15,2 1,15,1 1,8,8,1 1,7,7,1 1,17,1 1,17,1 1,17,1 1,15,1 2,7,7,2 2,6,6,2 3,5,5,3 3,4,4,3 4,2,2,4 5,5 7,7 9,9 25

[Auntie]
Author Ronnay
Site http://www.playtsunami.com/
x 7 12 8,1,3 4,5,5 5,1,1,2 6,1,2,2 5,2,1,1,1 3,2,1,1,1,1 6,3,3 4,1,1,3 5,1,2,3 3,2,3,3 5,1,1,1,1,1 2,2,2,1,1,1 3,2,1,2,2 3,1,1,1,2 2,1,5,5 3,4,1,3 12 6
y 4,4 12 10,3 5,3,2,3 5,3,3,1 5,2,2,5 2,2,3,1 6,6 4,4 9,9 4,1,4,1,4 2,1,3,3,1,2 2,2,2 3,1,3 2,1,1,1,1,1 3,4,3 3,6,3 3,2,3 3,3 3,3

[Barney]
Author Demi
Site http://www.playtsunami.com/
x 3 15 2,1,7 1,1,3,4 2,1,2,3 2,1,1,3 1,1,3,1,2 1,1,3,1,2,2 1,1,2,1,2,1 1,1,1,2,1 1,1,2,1,2,1 1,1,3,1,2,3 1,1,3,1,4 1,1,1,2,5 1,3,2,6 2,1,10 1,1,6 1,3,11 3,3,7 3
y 10 2,2 2,2,2 1,8,1 1,3,1,2 1,1,2,2,3 2,2,2,2 1,2,2,1 1,2,2,1 1,1,1,1,1,1 1,2,5,2,1 1,1,1,1,1 1,1,1,2,1,1 2,5,1,2 3,5,6 3,7 4,8 5,8 18 7,8

[Beck]
Author Doug
Site http://www.playtsunami.com/
x 3,4,5 1,6 3,5 3,2 2,1 2,1 2,1,2 2,2,1 1,2,2,1 2,1,2,1 3,2 2,1 1,3,1 1,2,1 1,2,4 4,5 7,1,5 5,10 18 10,5
y 2,2,5 1,6 1,5 5 1,1,1,4 1,5,7,1,2 1,5,6,1,2 1,2,2 2 2 3 4,2 2,2 3 1,7,3 3,6,5 3,6 3,3,6 4,4 5,5

[Bird]
Author K&S
Site http://www.playtsunami.com/
x 2 1,2 1,1,1 4,2 1,2,2 1,1,2,1,1 1,2,2,1 2,3,2,6 5,2,5,1 1,4,1,1,1,1 1,4,4,2 2,5,1,1 2,3,1,4 2,2,6 2,1,2 3,2 2,3,2 4,3,1,1 4,3,1 2,2,2
y 4,2 1,2,4 3,1,1,4 1,1,2 1,5 1,2,2 1,1,2,2 1,4,2 2,5,2 2,5,2 2,7 4,3 1,1,3 1,1,2 9 2,2 3,2 1,1,1,2,1 2,2,1,1,2,2,1 8,5,5

[Bokser]
Author Kristie
Site http://www.playtsunami.com/
x 4 2,2 1,4 2,6 4,8 2,1,4 2,2,1 2,2,1,2 2,1,1,1,1 4,3,1,3 2,1,5 1,5 1,4 1,2 1,1
y 6 6 1,1 1,1 1,1,1,1 1,1 1,2,1 1,2,2 4,1,3 2,6,1 1,4,3 1,4,1,3,1 6,1,5 4,1,5 5

[Bunny On The Moon]
Author Miriam Wilms
Site http://www.playtsunami.com/
x 0 0 0 2 3 3 3 2,3 3,5 3,8 13 5,6 10,2 1,2,7,1 2,3,5,1 2,3,3,2 3,4,2 4,4,2 6,6,2 14,2 13,3 11,2 11 6 0
y 0 0 5 8 6 5 1,5 2,5 2,5 3,2,5 2,4,5 3,2,5 3,1,5 1,3,6 2,5,5 2,5,4,1 3,3,3,4,2 14,2 13,1 10,2 4,2,3 4,4 6 0 0

[Cartoon]
Author Nlr
Site http://www.playtsunami.com/
x 2,3,2 4,11 3,4,2,1 3,1,5 1,1,3,1,4 1,1,2,3,2 1,1,2,3,1 2,2,1,1,3,1 1,1,1,2,1 4,1,2,2 1,5,1,1 1,1,1,1,1 1,2,2 3,1 1,1 1,1 2,2 1,2 3 3
y 6 3,3 7,3 2,1,1 2,8 5,1 1,1,1,1 1,3,2 1,1,2,2 1,8 2,5,1,1 2,6,2,1 2,3,3,1 1,1 2,1,1 3,5 2,3,2 2,7 4 2

[Cat-tastic]
Author Tnt
Site http://www.playtsunami.com/
x 1,2 1,1 3,4,2 12 12 3,8 2,1,4,3 3,6,2 5,4,2 5,1,3 5,4,2 3,6,2 2,1,4,3 3,8 12 12 3,4,2 1,1 1,1 1,1
y 2,2 3,3 15 13 4,5,4 3,1,3,1,3 4,5,4 6,6 2,6,6,3 15 9,10 1,3,2,2,3 3,1,3 9 7

[Clomp]
Author Serenthia
Site http://www.playtsunami.com/
x 0 3 5 5 3,5 1,2,5 1,2,4 1,4,5 1,10 1,9 1,10 1,10 2,6 4 0
y 8 1,1 2,1 7 6 5 5 5 4,6 13 13 13 7,4 0 0

[Crime Tower]
Author Crimetower Publishing
Site http://www.playtsunami.com/
x 3 3 3 5 6 18 3,12 3,12 19 4,12 4,12 19 3,12 3,12 18 6 5 3 3 3
y 2 8 10 10 1,1,1,1 1,1,1,1 1,1,1,1 1,1,1,1 10 10 10 10 10 10 12 14 14 20 20 20

[Dark Dog]
Author Will Cook
Site http://www.playtsunami.com/
x 16,3 9,2,4 5,4,4 4,10,3 3,12,2 2,4,5,2 1,8,3 1,18 1,13,3 1,3,8,5 2,1,7,1,3 2,9,4,1 3,4,1,6 4,4,1,5,1 5,2,1,2,2 5,2,1,9 5,2,1,9 5,2,10 5,1,11 6,12
y 20 6,10 5,3,8 4,7,7 3,6,1,6 2,6,3,1 2,15 2,2,13 2,2,8,1 1,3,6,3,2 1,3,8,3 1,3,5,6 1,4,4,1,6 2,3,3,3,5 2,3,2,4,5 1,2,1,1,3,5 2,1,1,1,3,5 4,5,2,5 11,6 12,7

[Dog Tired]
Author Dekyra
Site http://www.playtsunami.com/
x 6,2 3,1,1,1 2,1,1,1 1,10,1 1,1,1,1 1,2,2,3,1 1,1,1,1,1 1,1,1 1,1,2 2,4,3,1 2,1,1 6,2 1,1 1,1 1,3 4,1,1 1,1,1 2,3 2,2,1 4,5
y 5 2,1,2 1,1,2,4,1,1 2,1,1,3,1,2 1,1,1,1,2 1,1,1,1,1,1 1,1,1,1,3,1,1 1,1,1,1,1,4,1 5,5,2 1,1 1,1,1,1 2,1,1,1,1 1,3,1,1,1 1,2,1,5,1 2,8,2

[Egypt]
Author Jiouxd
Site http://www.playtsunami.com/
x 2 3 4 1,4,1 12 4,1 10 6 6,1 1,10 2,4,1 3,8 4,2 3,2 2
y 1 3 5 1,1,6 3,2 2,1,4 11 2,9 10 10 1,1,1,1,1 1,1,1,1,1 1,1,1,1 1,1,1,1 4,4

[Eye Of Horus]
Author Vanguard
Site http://www.playtsunami.com/
x 1,4,2 1,4,2 1,2,2,2 1,2,2,2 1,2,2,2 1,2,2,2,2 1,8,2 1,8,2 1,8,2 1,2,2,4 1,2,1,2 1,2,3,1 1,2,2,3 1,10 1,4,2
y 0 5 5,5 5 11 5,3,5 2,5,2 2,5,2 5,3,5 8,3 1,7,1 2,2,1 3,3,2 7,3 3,4

[Fender Rhodes Piano]
Author Simon Beck
Site http://www.playtsunami.com/
x 8,3 2,1,6 2,1,6 2,1,6 4,7 4,4 4,1,2 4,16 5,1,3 5,1,3 5,1,3 5,1,3 6,1,3 6,1,3 5,1,2 5,1,1 6,1,1 4,1,1 1,1,1 1,4 2,7 1,1,6 1,1,6 1,1,6 3,3
y 10 16 17 1,14 1,11 1,6 1,5 1,5 1,1 25 2,1,2 2,1,2 2,1,2 2,1,2 2,1,2 2,1,2 2,1,2 2,1,2 2,1,2 2,1,2 2,1,2 2,1,2 2,7,2 2,12,2 2,9,2

[Flying]
Author Puzzler
Site http://www.playtsunami.com/
x 2,2,1,4 3,1,1,8 2,2,1,8 5,3,5 4,1,1,3 3,3 4,2 3,7 3,11 1,7,1,3 1,8,2,1 1,8,2,4 10,5 10,5 10,4 10,7 4,1,4,7 6,1,3,5 7,3,1 2,2,3,6 3,3,7 2,4,7 1,2,5 1,9 9
y 6,1,1 6,1,6 1,3,6 1,3,4,1 4,6 7 4,4,2 4,3,6,1 13,1 11 16 14 14 7,1 6 2,1,1 3,1,2 2,2,2,2 2,5,2,2,2 2,4,2,3,2 3,3,2,3,6 4,2,7,6 5,1,7,6 5,7,6 5,15

[Ghost]
Author Eva
Site http://www.playtsunami.com/
x 8,9 5,6 3,4 2,3 2,2 1,4,1 1,5 3,2,3 5,5 1,1,6,1 5,7,2 3,2,7,3 1,5,6,2 1,1,3,1 2,1 4,2 7,3 14,3 16,4 17,3 18,3 19,2 20,1 21,1 22,1
y 7,13 5,11 3,3,3,10 2,3,3,10 2,4,3,9 1,2,1,1,1,9 1,4,3,9 1,3,3,8 8 8 4,8 6,8 6,8 7,8 6,7 5,7 1,3,6 1,5 1,4 2,3 2,2,2 3,4,1 4,3,5 5,3,5 6,4,7

[Grandma]
Author Gerry Holland
Site http://www.playtsunami.com/
x 3 2,2 4,1 3,2,1,1 4,1,1,3 2,2,1,1,2 1,3,2,1,2 1,2,1,1,2 1,3,2,1,2 2,2,1,1,2 4,1,1,3 3,2,1,1 4,1 2,2 3
y 5 2,2 1,3,1 9 5,5 3,3 2,2,2,2 1,2,3,2,1 1,1,1,1,1,1 2,2,2,2 1,1 1,3,1 2,2 7 9

[Hang Glider]
Author Bob
Site http://www.playtsunami.com/
x 3,1 5,1 5,1,1 7,1 8,1 2,5,6,1 5,4,1,1,1 6,1,3,1 5,1,3,1 1,1,5,1,1 1,1,13 1,1,5,3 1,6,3 1,6,3 1,6,3 1,7,3 1,7,1,1 1,2,1,1,1 1,1,5,1,1 1,4,1,2 1,3,2 4,1 4,1 3,1 3
y 2,1,1 2,1,3 1,1,6 2,1,4,4 2,2,3,4 4,5,7 7,6,2 16,2 16,1 17,1,1,1 2,8,1,1 19 1,1 1,1 1,1 1,1,1,2,1,3 1,1,2,8,1 10,2 1,8,1 5

[Heavy??]
Author Joe
Site http://www.playtsunami.com/
x 0 0 5 1 1 2,1 3,2 1,2,2 2,2,2 11 11 2,2,2 1,2,2 3,2 2,1 1 1 5 0 0
y 0 1,2,1 1,4,1 16 1,2,2,2,1 1,2,2,2,1 6 4 2 2 2 4 2,2 2,2 2,2

[Hip Hop]
Author Peter Opsomer
Site http://www.playtsunami.com/
x 2 4 2,2 9 7,1 2,6,2 2,9 2,6,2,1 6,4 2,3,3 2,6 2,6,1 2,2,2,1 3,2,3 5,3 5,3 4,2 7 6 2
y 1,1 1,2 1,2 3 3,7 16 2,6,5 12,5 18 12,3 2,2,3 7,4 13 2,2,3 2,2,4

[Invasion]
Author Tim
Site http://www.playtsunami.com/
x 4 1,9 1,9 3,9 5,1 5,6 5,6 5,6 3,6 1,3 1,1,5 3,5 1,3,5 1,1,2 6
y 4,2 6 10 6 4,2 4 3,2 3 3 3,4,1 3,4,3,1 4,4,3,1 4,8,1 4,10 15

[Kermit]
Author Ronnay
Site http://www.playtsunami.com/
x 5 3,2,1 2,1,1,2 5,4,1,3 2,1,4,4 1,1,1,1,2,3 1,2,1,1,2,2 2,1,1,1,2 3,1,1,1,1,1 2,1,1,1,1,1,1 1,1,1,1,2,1,1,1 5,1,1,1,1,1,1 1,3,4,1,2 1,2,7,2,2 1,1,7,2,3 2,10,4 15,3 10,2 8,1 5
y 4,4 2,2,1,2 1,1,4,1,1 1,2,2,1,2,1 1,1,3,1 5,1,7 2,1,1,7 1,1,6 2,1,8 1,1,9 1,2,1,8 1,17 2,2,5 1,2,4 1,2,4,4 1,2,2,1 1,2,2,1 3,4,3 6,6 18

[Light]
Author Jorre
Site http://www.playtsunami.com/
x 1,5,3,2 1,2,4,3 3,3,2,3 2,5,4,1 1,7,5 5,2,1 4,2,1,1 5,3,1,1 4,2,1,1 5,2,1 1,7,5 2,5,4,1 3,2,2,3 1,2,4,3 1,5,3,2
y 4,4 1,2,5,2,1 2,7,2 2,9,2 1,11,1 1,4,1,4,1 1,3,1,1,2,1 2,2,3,2,2 2,2,1,2,2 4,1,1,1,4 2,2,2,2 1,3,3,3,1 4,4 3,1,3,1,3 2,3,3,2

[Little Light]
Author Peter Opsomer
Site http://www.playtsunami.com/
x 3,5 2,2,7 3,1,8 2,2,2,10 1,3,7,4 1,4,1,3 1,4,1,1,3 1,4,1,3 1,8,3 2,9,3 14,3 5,1,3 5,1,1,3 1,6,1,4 2,14 3,14 17 16 4,3,4 3,2,3
y 7,7 2,2,6 1,1,5 3,1,3 2,2,1,3 1,1,1,5 2,2,11 3,15 15 15 17 4,3,4 5,1,3,1,6 5,3,6 20 4,5 5,4 14 12 10

[Man]
Author Andy C
Site http://www.playtsunami.com/
x 1,3,8 6,1,8 9,4,3 6,2,4,1 4,3,4 2,5,2 2,2,2,2,2 3,4,1,1 3,2,2,1 4,1,1,1,1 4,1,1,1,1 3,2,1 3,4,1,1 2,5,1,2 2,2,2,3 3,3,4 5,2,4,1 1,6,4,3 6,1,8 1,3,8
y 14,1 16,1 4,6,2,1 4,2,3 3,3 4,4 2,2 1,1,2,2,1,1 1,6,2,6,1 1,3,2,3,2,1 1,5,5,1 1,3,3,1 3,3 4,1,4 4,1,3,4 2,2,2,2,2,2 2,2,4,2,2 3,1,2,3 3,3,2,3,3 4,3,3,4

[Mobile]
Author Melanie
Site http://www.playtsunami.com/
x 24 6,2 2,1 2,1 1,3,3,3,1 2,8,1,1,1,1,1,1,1 1,1,1,3,3,3,1 1,1,1,1 1,1,1,1 1,1,1,3,3,3,1 1,1,1,1,1,1,1,1,1,1 1,1,1,3,3,3,1 1,1,1,1 1,1,1,1 2,8,3,3,3,1 1,1,1,1,1,1,1,1 2,3,3,3,1 2,1 3,2 19
y 2,10 2,3,3 4,2 3,10,2 2,1,1,1 2,1,1,2 1,1,1,1 1,1,1,1 1,1,1,1 1,1,1,1 1,10,1 1,1 1,3,3,3,1 1,1,1,1,1,1,1,1 1,3,3,3,1 1,1 1,3,3,3,1 1,1,1,1,1,1,1,1 1,3,3,3,1 1,1 1,3,3,3,1 1,1,1,1,1,1,1,1 1,3,3,3,1 2,2 18

[Mr Mercury]
Author Andy G.
Site http://www.playtsunami.com/
x 2,2,8,5 5,6,4 8,5,3 7,3,2 4,3,1 3,3 1,3 1,2 1,2,2,1 1,2,3,1 1,3,4,1 1,3,2,1,1 1,2,3,1,1 1,1,3,1 1,2,2,1 1,1,2 1,2,2,3 1,2,2,5 1,7,4 7,3
y 19 6,1 5,1 4,1 4,1 1,2,1 2,1 1,4,2 6,2 1,3,3 1,1,1 1,1 1,1 2,1 2,1 3,1 3,2,1 2,9 3,7 3,2 1,3,3,1,1 2,3,1,2 3,3,1,4 4,7,5 5,6

[Music]
Author K&S
Site http://www.playtsunami.com/
x 6,3 2,1,4 5,1,1,3,1 1,1,1,4,1 2,5,7 2,8,2 2,4,2,2 2,3,2,3 2,4,1,2 2,3,1,1,1 2,2,3,1,1,1 2,2,2,1,1 2,2,2,1,2 2,3,1,3 2,3,5 2,8,2 2,1,2 2,7,2 4,3,1 1,1
y 2,2 1,1,1 1,1,7,2 2,9,2 2,2,2 2,7,2 3,9,1 1,6,3,1 1,5,1,2,1 1,3,1,1 1,2,1,2,1,2,1,2 1,2,1,1,1,1,1,2 1,2,1,1,1,2 1,3,1,3 1,2,3,1 1,1,1,1,1 1,1,1,3,1 5,1,2 1,5,6 1,16

[No Smoking]
Author First To Fall
Site http://www.playtsunami.com/
x 5 11 3,3 2,4,2 2,1,3,4 2,3,3,6 1,4,3,7 2,5,3,5,2 1,4,8,1 1,5,2,4,1 2,5,1,4,2 2,6,5,2 2,5,5,2 2,4,5,2 2,1,4,1,2 1,4,2,1 1,8,1 2,5,3,2 1,5,3,1 6,3,2 4,3,2 2,3,2 3,3 11 5
y 5 11 3,3 2,3,2 2,6,4 2,7,6 1,8,5,1 2,8,5,2 1,7,5,1 1,4,5,1 2,1,5,2 2,12,6,2 2,7,3,7,2 2,6,12,2 2,5,2 1,5,1 1,5,1 2,5,2 1,5,1 6,2 4,2 3,2 3,3 11 5

[Paddington Bear]
Author Dazie
Site http://www.playtsunami.com/
x 6,8,1 2,10,1,1 1,1,2,5,1,3 1,5,1,1,1 1,5,3,1 8,1,4 2,3,1,2 1,2,4,2 3,4,1,1,1,2 2,1,1,3,1,1,1 1,3,1,1,1,1,1 1,1,5,1 1,4,1,3,1,1 2,1,1,3,1,1 3,3,1,1,2 1,2,4,3 1,4,1,2 8,6,1,1 2,2,2,2,1,2 10,4,1,1
y 4,13,1 2,3,2,2,3 1,1,1,2,6 1,3,3,1 2,3,3,1,4 7,1,1,3,4 5,3,1,1,1,1 2,3,1,3,3 5,2 4,5,1 3,5,5 3,1,1,1,1,1,3 5,2,2,3 2,2,1,3,1,1,1 1,1,1,3,1,1 1,1,3,2 1,1,2,1,1,2,1 1,2,4,1,1,1 1,1,1,2,2,1 3,7,3

[Peter]
Author Az
Site http://www.playtsunami.com/
x 15 1,1 1,5,5,1 1,4,5,1 2,1,5,1 8,3,2 9,3 2,2 11 13 11 2,2 15 0 6,8 5,1,7 4,3,6 3,5,5 2,7,4 9
y 8,2,5 1,4,1,2,5 1,2,2,3,1,4,1 1,2,2,3,1,3,2 1,2,2,3,1,2,3 1,2,2,3,1,1,4 1,1,3,3,1,5 1,2,3,1,1,4 1,3,1,3,1,2,3 1,4,3,1,3,2 1,4,3,1,4,1 1,4,3,1,5 1,3,1,3,1,5 1,3,1,2,5 8,2,5

[Ploms]
Author Inge
Site http://www.playtsunami.com/
x 4,1,1,1 1,5,4,4 1,1 1,14,1 1,1,1,1 1,1,1,1,1,1,1,1,1 2,11,1,1 1,1,2,1,1,1 1,1,1,6,2,2 1,1,2,1,1,1,1,1 1,1,1,1,1,2,1,1 2,2,6,1,1,1 1,1,1,2,1,1 1,1,11,2 1,1,1,1,1,1,1,1,1 1,1,1,1 1,14,1 1,1 1,5,4,4 4,1,1,1
y 2,2,4,4,2 1,1,1,1,1,1 1,10,1 1,2,2,1 2,1,1,1,1,1,1,2 1,1,9,1,1 1,1,1,2,1,1 1,1,2,4,1,1,1 1,1,1,1,1,2,1,1 1,1,2,1,1,1,1,1 1,1,1,1,1,2,1,1 1,1,2,1,1,1,1,1 1,1,1,4,2,1,1 1,1,2,1,1,1 1,1,9,1,1 1,1,1,1,1,1,1,1 1,2,2,1 1,10,1 1,1,1,1,1,1 1,1,4,4,2,1,1

[Ready For Breakfast]
Author Lia
Site http://www.playtsunami.com/
x 8 1 3 1 6 1,1 1 1,1 2,1 4 4 2,1 1,1 1 1,1 6 1 3 1 8
y 0 0 1,6,1 1,1,1,4,1,1,1 1,1,2,1,1 1,12,1 1,1,1,1 3,1,1,3 1,1,1,1,1,1 1,1,1,1,1,1

[Scarecrow]
Author :)
Site http://www.playtsunami.com/
x 1,7 1,8 1,7 1,8 1,1,4 1,5,5 4,3,4 2,2,3,4 3,1,3,4 1,2,2,1,2,1,1 1,2,1,2,4 2,2,2,1,2,4 3,3,2,2,4 4,2,2,2,5 8,3,5 3,1,6,5 2,1,2,5 1,5 1,5 1,5
y 4 6 8 4,1,2 9,1 9 1,8 1,1,1,1 2,1,1,1,1,1,1 4,1,1,1,1 6,1,1,1 4,2,4,3 4,4,4,2 4,10,3 4,6,4 5,7 17 5,8 13 4,6

[Sea And Fish]
Author Nikki
Site http://www.playtsunami.com/
x 1,1,7 4,1,6 7,1,7 1,4,2,5 6,1,6 9,1,1,4 6,2,1,4 2,1,1,5 1,2,2,6 1,1,1,3,4 2,2,1,4 3,2,9 1,2,2,3,5 2,4,2,6 1,1,10 1,2,2,8 2,2,2,10 2,3,11 3,14 17 16 15 13 12 11
y 0 1,7 4,3,1,3 3,3,1,2,2,3 6,2,2,3 6,1,2,3 9,1,5 7,2,7 2,2,1,6 1,2,1,8 1,1,3,12 3,3,4,9 4,1,2,11 1,1,1,4,11 3,3,2,1,12 5,2,14 25 25 25 25

[Skull 'n' Bones]
Author Jolly Roger
Site http://www.playtsunami.com/
x 6,3 5,5 7,3,1 2,3,2,1 1,2,2,2 1,2,1,1,2 2,1,1,4 2,2,3 2,1,2,3 1,2,3,2 1,3,1,2 2,3,2,1 7,3,1 5,5 6,3
y 6,6 4,4 3,3 3,2,2,3 3,2,2,3 1,2,1,2,1 3,3,3 2,2 1,6,1 3,3,3 5,6 7,4 1,3,1 7 11

[Smile!]
Author Kat
Site http://www.playtsunami.com/
x 4 2,2 4,2 2,2,2 2,4,1 2,4,1 2,2,2 4,2 2,1 5
y 4 6 2,2 3,2,3 1,6,1 1,4,1 2,2,1 2,3 2,2 4

[Spider]
Author Scooby
Site http://www.playtsunami.com/
x 0 1 3,3 2,2 5,1,2 2,1,1 6,3 1,8 7,3 6,2 6,2 7,3 1,8 6,3 2,1,1 5,1,2 2,2 3,3 1 0
y 0 0 0 1,1 1,1,1,1 1,4,1 1,6,1 2,2,4,2,2 1,2,4,2,1 2,8,2 14 2,2 5,5 2,8,2 2,6,2 1,1,1,1 1,2,2,1 1,1 1,1 0

[Star]
Author Tracy Hustwith
Site http://www.playtsunami.com/
x 12,12 11,11 10,10 9,9 4,4 4,1,4 4,3,4 4,11,4 4,11,4 3,11,3 2,11,2 1,13,1 15 1,13,1 2,11,2 3,11,3 4,11,4 4,11,4 4,3,4 4,1,4 4,4 9,9 10,10 11,11 12,12
y 12,12 11,11 10,10 9,9 4,4 4,1,4 4,3,4 4,11,4 4,11,4 3,11,3 2,11,2 1,13,1 15 1,13,1 2,11,2 3,11,3 4,11,4 4,11,4 4,3,4 4,1,4 4,4 9,9 10,10 11,11 12,12

[Surf]
Author Tia
Site http://www.playtsunami.com/
x 1,2,1,2 1,4,3 2,2,2 2,4 1,3 1,4 1,3 2,1,2 2,3 1,2 3 4 3 4 4
y 1,5 1,2,2 2,1 2 2 2 1,2,1,1,1,1,2 1,4,1,5 15 15

[Tank]
Author Mark
Site http://www.playtsunami.com/
x 0 2 2,1 5 8,1 7 5,1 7 4,1 1,4 1,2,1 1,2 1 1 1
y 1 1 1 4 11 6 9 11 1,1,1,1,1,1 9

[Tentacles]
Author Andy G.
Site http://www.playtsunami.com/
x 2,2,3 3,4,5 5,5,6 5,4,7 6,4,6 17 13,2 10,5 7,7 20 19 18,3 5,1,6,5 7,1,13 7,1,12 5,1,10 18 9,6 6,9 12 1,7,6 3,10,5 3,14,3 1,7,7 3,4,6
y 3,2,1 4,5,5 4,7,2,1 4,9 4,10,2 4,10,3 3,3,2,3,3 4,10,4 2,3,3,3,3 4,7,2,3,4 12,2,4 17,4 15,4 20 20 21 5,11,4 4,3,7,3 4,4,8,3 4,3,4,3,2 4,4,4,4 3,3,3,4 4,4,4,4 3,3,3,3 2,2,2,2

[Tobattle]
Author Phil
Site http://www.playtsunami.com/
x 8 6 1,5 3,5 5,4 3,3 1,1,3 3,2 3,1 3,12 22 23 2 3 2,8 5,17 5,17 5,17 5,1,16 4,14 5,14 6,13 19 17 15
y 2,1,10 2,1,10 3,10 2,11 1,2,5,5 9,4 4,5,1,3 9,4 1,3,4,5 3,10 3,10 3,10 3,10 3,10 1,3,10 1,3,9 1,3,9 2,2,9 2,2,9 3,2,8 4,2,7 5,2,7 6,1,7 6,1,6 6,1,5

[Tropical Island]
Author Julieb
Site http://www.playtsunami.com/
x 1,1,1,2 1,3,1,4 1,2,1,1,2 1,2,1,2,2 5,2,2 3,2,2 1,2,2 11,2 11,2 2,1,2 2,4,1,2 1,1,2,2 1,3,1,2,2 2,2,1,2,2 1,1,2,2 1,1,1,2 3,1,1,3,2 4,1,1,1,4 4,1,1,1,3 5,1,1
y 3,2,4,5 4,2,1,4 1,2,3,2,1,4 2,1,2,1,1,3 1,1,2,1,2,1 1,1,2,1,1,1,1 1,1,2,1,1 2 2,1,1,1,1 2,1,1 2 2 6 1,1,2,3,1,1,1 1,1,2,3,1,1 2,3 3,2 2,2 20 18

[Warrior]
Author Billy Bloggs
Site http://www.playtsunami.com/
x 1,1,1,1,1 2,10 2,1,1,1,1 3,1,1,1 1,1,1 4,4 3,5 2,3 2,6 1,7 2,8 4,8 1,2,3 4,2 1,2,1
y 2 2,1 2,4 3,1,2,1 1,1,1,1,1 1,3,2,2 3,10 1,8 4,4 1,4 4,6 1,7 4,3,3 1,2,3 1,3,3

[Ying Yang]
Author Angelique
Site http://www.playtsunami.com/
x 11 2,2 2,2 1,1 1,2,1 1,4,2,1 1,6,1 9,2 9,3 4,9 4,9 15 15 13 11
y 11 2,7 2,9 1,10 1,4,4 1,4,4 1,10 1,9 1,8 1,6 1,2,6 1,2,6 2,7 2,7 11

