#
#	These are the default puzzles in Griddler.
#
#	The puzzles are from Rachel Benns wonderful site:
#
#		http://www.playtsunami.com/
#
 
#
[Wonky Donky]
Author Puss
Site http://www.playtsunami.com/
x 12 15 19 22 24 25 3,19 5,10 7,1,9 8,1,8 10,7 15 2,12 4,5 5,4 5,5 8,1 7 3,2 1,3
y 1,1 3,2 3,4 4,5 3,5 3,5 11 12 13 6,6 6,2,5 6,2,3 12,3 13,2 14,2 14,3 20 11,7 11,5,1 10,2,3 9,5 8 7 7 7

[Toothy]
Author Dom
x 4,5 3,8 2,1,3 2,2,3,1 2,1,1,1,1 2,3,4 3,3,1,1 3,2,1,1,1 3,1,1,5 3,2,1,1,1 3,3,1,1 2,3,4 2,1,1,1,1 2,2,3,1 2,1,3 3,8 4,5 5 4 3
y 11 13 2,5,2 1,1 17 1,1,3,3,1,1 1,3,3,1 2,3,2 1,2,2,1 1,1,7,1,1 2,1,1,1,1,1,3 2,2,1,2,4 3,1,1,1,6 3,5,6 4,7

[Az & Mark in Oz]
Author Mummy M
x 2 7 8 3,4 3,7 6,5 6,6 3,1,2 2,1,8 2,1,3,1 4,1,1,2 9,1,2 4,2,2,1 4,1,7 2,1,1,3 6,1,4 6,1,3 14 10,5 8,7 7,2,6 13 10 7 4
y 1 3,1 4,1 8,3 10,4 3,2,6 2,2,3,7 4,2,9 6,2,1,8 24 3,1,2,2,2,1,4 2,1,1,1,2,1,1,1,5 2,3,1,1,2,5 2,3,1,2,1,1,1,1,4 23 7,11 4,9 2,5 4 2

[Roof Howler]
Author Big Al
x 9,7 6,11 4,11 3,11 2,7 1,2,6 2,7 9 4,6 5,7 1,6,7 18 19 8,7 1,6 1,5 1,4 2,3 1,2 1,1
y 6 5,1 4,2,1 3,3 2,4 2,3,3 1,4,1,1,1 1,5 1,1,6 3,2,6 3,8 3,6 3,2,2 14 15 16 17 18 19 5,11

[Birds of a Feather]
Author K
x 1,1,1 1,1,1 8,1,2 2,8,4 16 16 10,1,3 3,1,3,1,1 5,3,1 4,1,1 1,1 1,1,1 1,1,1 8,1,1 2,9,2 15 16 9,1,3 3,1,2,2 5,2
y 3 5 3,3 6 7,3 7,5 5,2,3,3 8,6 5,2,7 5,1,7 6,5,1 2,2,7 7,10,1 3,1,5 5,3,2 18,1 1,2,1 5 5 2

[Invaders from Space]
Author Mossy
x 5,10,2 5,1,7,5 6,1,5,6 7,8,5 17,6 16,5 2,8,1,6 1,1,3,7,5 2,1,15 1,1,1,5,4,1 1,15 1,1,1,1,7,5 2,3,1,5,6 7,6,5 15,6 11,1,5 11,6 7,7,2,1 1,3,1,12,1 2,1,1,1,4,1,1 1,2,12,1 5,1,7,2,1 1,3,1,5,6 2,3,6,6 1,12,7
y 8,4,2,3,1 7,4,1,1,1,1 6,1,1,1,3,1,1,1,1 7,4,2,3,1 25 7,7,3 5,5,2 2,3,2,2,3,2,2,1 3,3,1 1,5,1,1,5,1,1,2 19,5 6,12,5 6,8,3,5 6,8,9 9,5,9 2,3,2,2,1,5 1,2,1,1,3 1,3,1,1 1,3,1,1,1 1,1,1,1,3,1,1,1,3,3 18,5 8,9,5 8,7,3 9,7,3 25

[Handshake]
Author Isabella
x 9 2,4 2,2 1,2 2,1 1,3,1 1,1,1 1,1,1 1,1,1 1,1,2 1,1,1,1 3,1 4,2 8 6
y 1 2 4 10 3,4 2,2,1,3 2,1,1 1,6,1 1,2 1,1,2 2,3 8 4 2 1

[Big Leap]
Author DaBomb
x 2,3,3 2,1,2,2 1,1,2,2,1 1,2,1,2 1,1,1,3 1,1,1,1 1,1,1 1,1,1 2,1,2,2 6,3,2 4,2,5 4,3,3 2,3,1,2 6,2 7,1,3 12,1 12,1 10,2 8,2 4,2
y 6 9 4,5 10 4,2,7 2,1,11 1,2,1,2,6 1,3,2,5 1,1,6 1,2,3,4 2,2,3,4 2,2,3,4 1,3,7,1 2,3,7,3 3,1,5,4

[Eggy]
Author Tracy
x 2,2 3,3 1,2,2,1 1,2,2,1 1,1,2,2,2 1,2,2,2,3 1,2,2,2,3 1,2,6,4 1,3,4 1,3,1,1,1,5 1,4,1,1,1,4 1,3,4 1,2,6,4 1,2,2,2,3 1,2,2,2,3 1,1,2,2,2 1,2,2,1 1,2,2,1 3,3 2,2
y 20 2,2 2,2,2,2 2,2,2,2 2,3,3,2 2,6,2 2,4,2 2,2,2 1,1,1 1,1,1 1,1,1 1,1,1 2,1,2 2,1,2 2,1,2 2,1,2 2,6,2 2,10,2 2,12,2 20

[Korn]
Author Angelique
x 15 13 4 2,4 2,3 2,3 1,3 2,1 1,2 3,3,2 5,3 5,5 3,7 2,6 10 13 10 0 15 13 3 3 4 10 14
y 1,1,1 2,3,2,2 2,6,3,2 2,4,2,4,2 2,3,3,7 2,3,3,4,2,4 2,3,7,2,3 4,2,5,2,3 3,2,1,5,2,2 4,1,1,5,2,2 4,1,2,6,2,2 2,2,2,2,2,2,1 2,3,3,2,2,1 2,2,3,2,2,1 1,1,3,1,1

[Break Down]
Author Bob
x 11 12 4,1 5,3 6,1,1 3,2,2,3 9 1,6,2 2,4,2,1 2,4,2,1 2,5,2 2,8 9 8 1,7 1,7 5,1 2,5,1 2,1,3,1 2,5,1
y 3,2 3,2,3 4,2,4 4,2,2 6,2,1,1 3,4,2,1 2,14 2,11,1,1 2,12,3 2,1,10,3 2,1,3,6,3 2,1,2,2,5 2,3,2,9 2,2,2 3,4

[Holiday]
Author Jiouxd
x 2,1 4,1,1 4,1,2 2,1,2 3 3 3 3,3 3,3 2,3,3 2,2,4 5,5 2,1,3,6 3,6,8 6,8,3 3,5,2 1,2,2 1,3,1 1,4,2 2,5,1,2 3,2,2 4,6 1,2 1,2 1,1
y 3,6 2,7,3 4,4,6,2 4,2,2,1,4,1 2,2,2,1,3,1 1,2,2,2,1,1 1,3,1,1 1,2,1 1,1,3 1,3 3 2 3 3 3,1 4,2 4,3 11,1 15,6 25

[Horse]
Author Bob
x 5,3 5,6 1,6,3,1,2 2,7,2,1 6,3 2,2,3 3,2,2 5,2 6,2 7,2 1,5,1 1,4,2 1,4,2 1,5,2 1,5,2 1,6,2 1,6,2 1,5,1 1,3 6
y 3 3,5 6,2 3,6,2 4,8,2 5,9,1 4,10,1 4,2,8 4,2,7 1,1,2,6 1,3,1 1,1,1,1 2,4 1,2,2 2,2,2 4,2,2 2,3,2 2,2,2 3,1 1

[Roman Tile]
Author Phil
x 0 0 2,3,2,2,3,3 2,3,3,3,4,3,1 0 2 3,1 3,3,3 6,2,3 8,2,3 4,2,4,5 3,15 2,13 2,12,1 2,2,3,3,2 3,3,3,6 2,3,2,4 4,2,2 3 2 1 0 3,2,1,2,2,4 1,3,4,3,3,1 0
y 1,1 2,1 1,5,1 1,7,2 1,4,2,1 2,4,3,1 1,3,1,1 2,3,2,2 1,2,3,1 1,9,1 1,7,1 2,2,3,1 1,3,5,1 1,10,1 1,10,2 2,4,4,1 1,3,4,1 1,3,2,1 2,3,2 1,5,1 2,2,7 1,2,3,4,2 2,5,3,1 1,4,3,1 2,2,3,1

[Abe]
Author Ds
x 1 1 1 11 6,5 6,3 7,1,3 6,1,1,3 6,1,1,3 7,1,3 6,2 6,2 6,5 4 1
y 10 10 10 10 10 15 1,1,1,1 1,2 2,2,2 2,1 2,4,1 2,2 8 6 4

[Snoopy]
Author Inge
x 15 3,12 2,13 1,13 1,11 1,9 2,9 2,2 2,2,2 2,2,2 4,2 2,2 2,2 2,2,1 2,2,2 1,3 1,2 2,3 4,3 3,5
y 6 2,4 1,3 2,2 1,3 1,2,3,3 1,2,7 4,1,2 5,1 6,1 6,1 7,1 7,1,1 7,2,2 7,2,2 7,4 7,4 7,3 4,7 2,6

[Clock]
Author Tanja
x 9,9 7,4,7 5,7,5 4,3,5,4 3,5,1,7,3 2,6,6,2 2,17,2 1,12,4,1 1,13,4,1 12,1,5 1,5,8 11,3,2 2,1,3,6,1,2 2,1,1,4,5,2 1,1,5,8 12,7 1,12,5,1 1,13,1,2,1 2,14,1,2 2,6,3,2,1,2 3,5,1,1,5,3 4,3,3,4 5,7,5 7,3,7 9,9
y 9,9 7,3,7 5,7,5 4,3,1,3,4 3,5,3,5,3 2,6,1,6,2 2,6,1,8,2 1,7,1,7,1 1,19,1 21 2,13,1 2,1,6,8,2 2,5,6,2 4,4,1,6,2 3,3,3,3,1 5,1,5,6 1,4,7,4,1 1,4,1,5,1,2,1 2,7,6,1,2 2,7,3,1,2 3,6,1,6,3 4,4,4,4 5,7,5 7,3,7 9,9

[Eagle]
Author Sparky
x 6 2,1 3,1 2,3 3,1,4 2,2,2,1 2,1,1,1 2,1,3,2,3 1,2,1,2,5 1,3,1,10,2 1,2,1,1,4,2,2 1,4,5,1,1,1 1,1,1,3,1 1,4,4,2 1,1,1,1,1,1 1,6,2 1,2,4 1,1,4,3 1,4,3,1 2,1,1,4 3,2,1,3 4,1,1,3 5,6,1 6,1,5,2 7,2,1,4
y 18 2,6 2,5 2,4 1,5,3 2,3,1,2 2,1,2,1,1,1 1,1,7 2,1,1 1,1 1,5 1,3,1 1,2,3 1,1,5 1,8 1,2,2,2,1 1,1,1,1,1,2,1 2,1,2,4,3 1,1,4,2 3,5,2,3 3,2,1,2,3 2,3,2,2,3 2,1,1,1,7,1 4,1,3,3,2 3,14

[In Love]
Author Takis
x 2 5 2,2 2,2 2,2 3,3 3,2 2,2 2,2 3
y 0 2,3 9 2,3,1 2,1,2 1,2 2,2 2,2 3 2

[Face]
Author Ronnay
x 14 3,5,3 3,9,3 3,6,2 2,5,3,2 3,4,1,1,1,3 2,4,1,1,2,3 2,3,1,1,1,1,2 5,1,1,3,2 8,1,2,2,1 5,2,3,1,1 2,2,2,1,1,1 5,3,3,1,1,1 2,3,3,1,1,1,1 3,2,4,1,2,1,1 2,3,2,1,1,1,2 3,2,2,1,3,2 1,2,6,1,2,3 1,3,4,3,4 2,3,4,2 3,3,6,3 8,1,3 18 16 12
y 10,4 14,3 4,3,1,5,3 3,5,2,4,3 2,7,4,6 2,5,1,1,5,6 1,5,1,2,4,5 1,4,2,3,3,4 5,10,4 4,4,1,8,3 4,1,1,2,3 3,1,3 3,5,5,5 1,1,1,1,1,1,1,3 1,1,1,2,1,1,2,1,1,3 1,1,1,3,1,1,3,3 1,5,5,3 2,3 3,2,4 2,3 2,1,2 2,6,2 3,2 4,4 14

[Magic!]
Author Tim
x 4,2 4,1,1 1,3,1,2 1,7,1 10,2 4,4,1 3,2,2 1,2,2,1 1,3,3,2 9,2,1 8,1 7,1 2,2,1 1,1,3,1 1,1,1,2,1 2,2,1,2 4,1,1 4,1,2 5,2,1 3,6
y 9 3,4,3 10,3 1,8,4 1,3,5,5 5,7,2 5,3,1 1,4,3,1,2 1,7,3,1 1,6,1,2 4,1,1,2 1,1,1 1,1,1,1,1,1,1,1 9,5 6

[Cub]
Author Andrew Page
x 3,7 1,2,2 3,1,2 1,1,2,2 1,2,2,1 1,2,1,1 1,2,2,1 1,3,2,1 1,2,2,1 2,2,1,1 1,2,2,1 1,1,2,2 3,1,2 1,2,2 3,7
y 3,4,3 1,1,2,2,1,1 4,4 1,1 1,3,3,1 1,2,2,1 1,1,1 1,3,1 1,2,3,2,1 1,2,2,1 2,7,2 2,3,2 2,2 2,2 5

[Butterfly]
Author Emily
x 5,4 2,2,4,1 1,3,1,6 5,2,4 8,3,2 7,2,2 5,3,5 6,1,2,1 2,4,1,2 1,2,2,1,2,1 1,3,3,2 4,5,5 1,4,5,2,1 1,2,3,2,1,2 2,4,3,2,1 5,2,2 7,5 6,1,2,1 1,3,1,1,2 2,2,2
y 1,1 4,2,2,3 2,3,3,2,1 1,5,1,1,1,3 1,6,5,4 1,7,3,5 2,7,6,1 9,5,2 3,2,1,5 2,2,3 7,7 9,6 5,2,1 1,2,2 2 1,1,1,1,1,1,1 4,4,4 3,3,3,1 1,2,1,2,1,2 3,3,3

[Pigtails]
Author Juliebluedolphin
x 4,2 5,2,4 2,3,2,6 2,5,8,1 1,3,4,2 3,1,3 4,2,1,4 6,2,1,4,1 6,1,1,1 6,1,1,1 3,2,1,1,1 3,1,2,2,4,2 3,2,1,4 4,1,3 5,3,2 8,7,1 7,8 5,2,6 2,6 2,4
y 2,9 2,12 2,14 1,7,5 1,2,5,4 3,5,3 3,3 2,2,2,2 2,2 2,2 3,1,1,4 2,2,4,3,2 1,4,5,1 1,3,7,5 1,3,1,1,4 3,1,1,5 3,2,2,5 3,2,2,3 2,3,4,2 13

[Cow]
Author JennieSee
x 5 6 7 8 3,9 1,2,10 2,2,11 4,3,5,6 6,7,5 12,4 11,3 4,3,2,3 4,1,2,3 9,2,1,3 9,3 9,3 5,3,2,3 6,1,2,1 11,2,1 6,8,2 4,8,2 3,1,6 2,2 1,2 3
y 1,1 2,2 2,2 3,2 4,3 3,3 10 4,11,4 1,17,1 2,15,2 2,3,8,2 5,3,5 5,4,3 5,4,3 15 3,2 3,3,3,1 4,3,3,1 5,1 7,1 9,4,2 10,3,2 20 14 14

[Hase]
Author Josch
x 0 0 0 0 1 4,3 4,5 4,3 9,1 11,3 2,13 3,12 3,11 3,10 2,9 1,8 7 6 0 0
y 3 3 3 3 3 5 5 6 7 5 7 9 11 3,9 2,9 1,8 9 10 9 8

[Flower Girl]
Author Peter Opsomer
x 13 7,6 8,5,1 16,1 2,4,3,2 1,1,5,1,2,1 2,3,1,1,2,1 7,1,2,1,3 10,1,2,1,1 6,1,2,4 7,1,1,1,1 8,1,1,1,2 6,3,1,1 7,1,1,2,4 9,1,1,2,1,1 6,1,2,1,3 2,4,2,1,2,1 1,1,4,1,1,3 2,3,2,3 7,2,1 16,1 8,4,1 7,6,2 13,1 10
y 16 2,11,3 2,1,9,1,3 3,11,4 22 22 6,2,2,2,2,5 4,1,1,1,1,1,4 4,4,4,4 4,2,2,5 2,1,1,3 1,1,4,4,1,2 1,1,1,1,1,2 2,1,1,3 4,5 5,5 5,6,6 3,2,1,2,2,4 3,2,3,3,3 3,3 7 1,1 3,7 4,5,1,2,3 3,2,1,2,2,2

[House]
Author Katy
x 11 2,1 3,3,3,1 3,1,1,1,1,1 3,3,3,1 3,1 3,6 3,1,1 3,6 4,1 5,3,3,1 3,1,1,1,1,1 3,3,3,1 2,1 11
y 1 2 11 13 15 1,1 1,3,3,1 1,1,1,1,1,1 1,3,3,1 1,3,1 1,3,1,1,3,1 1,1,1,1,1,1,1,1 1,3,1,1,3,1 1,1,1,1 15

[Dancing]
Author Joanne
x 2,3,2 4,2,2,1 4,2,1,2,1 12,1,2 2,6,2,1 1,2,1,1,2 3,1,4,2,1 7,5,1,1 5,5,1,1,1,1 3,5,1,1,1,1,1 3,2,1,1,1 1,1,1,1,1 3,1,2,2,1 1,2,2,3,1,1 1,1,3,2,1,1 1,2,6,1,2 1,1,3,1,1,1 1,2,2,2,1,1 3,1,1,1,1 1,3,1
y 2,9 4,1,1 2,4,1,1,1 4,4,1,1,1 4,2,1,1 3,1,1,3 2,2,2,2,1 1,4,3,1 3,5,3 7,5 6,7 3,5 1,1,1,1,3 1,1,1,2,3,2,1 1,1,1,1,2,3,3 1,1,1,3,2,1,1 2,1,1,3,1,2 1,1,1,2,4,1 1,2,1,1,3,2 2,1,1,2,2

[Camal]
Author JennieSee
x 2,3 2,2 3,1,3 9,2 3,1,8 2,1,13 2,2,8,2 2,3,13 2,16 10,2 9 1,8 2,10 3,10 4,13 5,14 6,6,2 7,11 8,14 7,9,2 6,7 5,1,2 4,4 3,3 2,3
y 2,3,1 3,4,3 3,5 8,7 2,1,3,9 1,1,2,11 1,13 1,14 1 1,2,2,1 3,4,3,3 10,3,1 11,8 21 18,3 19 1,17 1,16 15 2,2,2,2 2,2,2,2 1,2,2,2 1,2,2,2 2,2,2,2 2,2,2,2
