#
#	These puzzles are from Rachel Benns wonderful site:
#
#		http://www.playtsunami.com
#

[A Face Of Art]
Author Dabomb
Site http://www.playtsunami.com/
x 16,1,1 16,2 13,1,4 5,4,2 5,3,2 5,2,2 4,2 3,3 3,1 3,1 1,1 1,1 1,1 2 1,2 1,4 1,1,2,1 1,3 1,2,1 3,2,1,1 3,1,1,2,1 6,2,3,2,1 2,2,4,4,1,1 1,2,1,1 3,1,4
y 6,2,8 13,4 10,4 8,1 7,1 3,2 3,2,1 3,2,3,1 5,2,1,1 4,5,3,1 17,1,2,1 8,1,1,2 3,1,2,1 2,1 2 3 2 6 2,1 1,1,1 1 1,2 1,6 3 4,3

[Apple]
Author Ein
Site http://www.playtsunami.com/
x 0 6 8 10 11 1,11 13 11 12 12 11 11 8 5 0
y 1 1 2,1,4 11 12 13 13 13 13 13 11 9 8 5 0

[Bad Cat's Eyes]
Author Chris
Site http://www.playtsunami.com/
x 4,1,1,4 3,1,1,1,1 2,1,1,1 3,5,1 2,1,1,1 2,1,1 2,1,2 2,1,3 2,1,2 2,1,1 2,1,1 2,5,1 2,1,1,1 3,1,1,1,1 4,1,1,4
y 4,4 15 2,8,2 1,1 0 4,4 1,1 1,9,1 1,1 4,4 0 1,7,1 1,3,1 1,1,1 5,4

[Batman]
Author Jkwilks
Site http://www.playtsunami.com/
x 8 2,2 2,2 1,3 4,5 6,4 8,2 7,6 6,7 3,8 1,7 4,6 5,1 4,6 1,7 3,8 6,7 7,6 8,2 6,4 4,5 1,3 2,2 2,2 8
y 9 4,3,4 6,3,6 7,3,7 2,5,1,5,2 2,5,5,2 1,3,3,1 1,3,3,1 1,1,1,1 1,1 1,1,1,1 1,1,3,3,1,1 2,3,5,5,3,2 5,5,5,5 4,5,5,4 8,8 6,6 11 0 0

[Beret]
Author Frank Bel
Site http://www.playtsunami.com/
x 4 4 5 5,5,1 6,1,2 1,7,3,4,2 8,1,2,3,1,2 7,2,2,2 6,5 6,6 5,3,7 5,5,8 6,5,2,5 17,4 6,7,4 5,3 5,3 4,1,3 2,1,1 1,1,1,1,1 2,1,1,1,1,1,1 4,1,1,1,1,1 6,1,1,1,1,1 2,9,1,1,1,1 1,17
y 0 2 2,5 13,1 15,2 16 16 14,2 10,1,5 6,1,2,8 3,1,1,5,4 1,1,2,5,6 1,4,3 1,1,4,5 1,2,1,2,2 3,2,5 2,2,1 1,3,6 2,4,1 1,3,7 1,6,1 10,5 10,1 14,3 15

[Black And White]
Author Tanja
Site http://www.playtsunami.com/
x 1,13 1,3,2 1,3,2 1,4,2,3 1,4,1,6 1,3,2,1,6 1,1,1,1,6 1,1,1,1,6 1,3,2,1,6 1,4,2,6 1,4,2,3 1,3,2 1,3,2 1,13,5 17,4 1,2,10,2 1,2,7,3 1,2,3,3,3 1,8,1,2,3 1,8,1,2,3 1,2,3,3,3 1,2,7,2 1,2,10,2 17,4 1,13,5
y 1,12 12,1,1 1,12 1,12 1,3,3,2,2,2 1,3,3,2,2,2 1,3,3,2,2,2 1,2,2,2,4,2 1,12 1,12 1,4,4,4 1,1,1,4,2,4 1,2,5,5 1,12 2,1,13 1,6,1,2,2 2,2,7,2 1,1,8 2,2,1,6,1 8,2,2 6,3,3 6,3,3 8,2,2 12 12

[Boy]
Author K&S
Site http://www.playtsunami.com/
x 0 2 2 2 5,3 12,4 9,2,6 2,7,1,1,4 1,2,3,1,1,1 3,3,1,3 2,3,3,2 1,2,5,2 1,1,1,7,2 1,4,4,1,1 1,3,2 1,3,1 1,4,2,3 2,5,8 2,4,2,1 2,4,2,2 1,4,3,3,2 2,4,6,5 5,8,3 20,2 20,3
y 11,5 2,2,2,4 2,2,2,3 5,2,3 4,1,3 5,3,1,2 6,4,2,2 7,6,1,2 3,5,4,1,2 3,2,3,2,2 1,4,2 1,1,2,3 1,2,1,3 1,1,2,4 4,3,4 1,3,1,5 1,4,1,6 7,1,6 1,5,1,4 2,4,3,2 3,2,1,3 4,2,2,4 5,1,4 2,2,3,1,2,1 1,1,4,1,1,1

[Cameron]
Author Mjh
Site http://www.playtsunami.com/
x 0 1 3,4 1,8,1 4,2,1 11,1 2,1,1,1 1,1,2,1 1,1,1 1,1,1 3 2 2 1 1
y 0 3 2,2 4 3 1,2 2,3 2,1,2,1 2,1,4 11 3,1 5 1,1 1,1 1,1,1

[Cat]
Author Ronnay
Site http://www.playtsunami.com/
x 5,1 8,1,2 3,4,1,3 3,4,1,3 2,6,2 2,8,3 2,9,2 3,12,2 2,11,3 10,3 6,1 4,4 13 3,14 18,3 17,2 2,2,11 5,13 5,3,10 4,2,2,3 6,1,1,3 3,5,1,2 3,2,1,1,1 6,1,1 6,1,1
y 3 6,1,1 3,3,2,2 3,2,6 2,7 2,2,2,1 2,9 2,5,3 2,3,1,2 2,7 2,5,8 16 15,3 16,4 15,5 7,7,1,2 7,7,4 5,8,4 4,8 4,3,3,3,5 4,3,2 5,2,2,3,3 4,2,3,3 3,3,3,3 2,2,2,3

[Cheshire]
Author Lebb
Site http://www.playtsunami.com/
x 14 5,4,3 2,4,2,3 3,2,1,3,4 5,1,5,1 6,3,3,1 1,1,2,3,2 4,1,2 4,1,1,1 1,2,3,4 1,7,7 1,2,1,3 3,4,1,1,4 2,1,1,1,1,3 2,1,1,1,1,1,4 1,1,1,2,1,3 1,1,1,1,3,6 1,3,1,3,5 1,1,1,1,3,6 1,1,1,2,1,3 2,1,1,1,1,1,4 2,1,1,1,1,3 3,4,1,1,4 1,2,2,3 1,6,2,6
y 2,2 1,3,3 5,1,1,7,1,1 4,3,1,1 5,4,1,3,1,1 1,2,2,1,1,1,1,1 2,2,1,1,11,1 3,1,1,1,1,1 3,1,1,1,1,1 1,2,1,9,1 1,2,2,1 2,14 4,5,1 3,3,1 2,3,5,5 1,5,1,1,1,1 1,3,3,3,1 1,2,2,1,1,3,1,1,1 1,2,16 2,2,15 4,2,17 3,1,2 2,1 1,2,1 5

[Clown]
Author Frhifrhi
Site http://www.playtsunami.com/
x 15 4,4,4 4,1,3 1,1,2 1,1,1,1 1,1,3,2,1 1,1,1,1,1 1,1,1,1 1,1,1,1,1 1,1,3,2,1 1,1,1,1 1,1,2 4,1,3 4,4,4 15
y 15 3,3 3,3 3,3 1,1 15 2,2 2,1,1,2 2,3,3,2 1,1,1,1 1,1 2,1,1,2 3,5,3 4,4 15

[Cream Jug!]
Author Dom
Site http://www.playtsunami.com/
x 1 1,1,2 1,1,6 1,3,3 6 2,1 3,2,2 5,7 2,8 2,2 2,2,1 3,3,1,1 9,1 2,5 1,5 1,3,2 1,2,7 4,6 3,3 5
y 1 1,1,11 1,8,2 3,2,3 4,2,4 2,2,6,1 4,8,1 1,18 1,1,3,3,3 4,2,1,1,3 3,2,2 2,2,2 3,1,3 2,1,1,2 1

[Cruise]
Author Alan
Site http://www.playtsunami.com/
x 1 2 3 4 2,3 8 2,1,1,2 1,6 1,1,1,2 10 2,1,1,2 1,1,6 6,1,2 1,1,6 5,1,1,2 5,9 2,3,1,1,2 1,1,6 6,1,2 1,1,6 3,1,1,2 1,9 3,1,3 7 2
y 2 2 2 2 12 2,1,1,1,1,1,1 18 2,1,1,1,1,1,1 2,1,1,1,1,1,1 25 3,1,1,1,1,1,1,1,1,1,2 22 3,1,1,1,1,1,1,1,3 19 17

[Dish]
Author Csclater
Site http://www.playtsunami.com/
x 0 0 3 4,2 1,1,1 1,3 2,1,1 1,1,3 2,1,2,1,1 2,1,1,3 1,2,1,1,1 1,2,1,3 1,1,1,5,1 3,3 1,3,1 1,3 4 0 0 0
y 0 1,1,1 2,1 2,1 1,2 1,1,2 1,1 6 2,4 1,2,1 1,3,1 2,1,1,1 1,13 2,1,1,1,1,1,2 13

[Do This One]
Author Set Your Goals
Site http://www.playtsunami.com/
x 3 1,2,1 1,5,1 2,1,3,2 5,6 7,4 2,1,4,1,1 1,4,1,1,2 1,4,2,1 1,1,1,1,1 1,4,3,2 1,4,3,2 1,1,1,5 1,4,1 1,4,1 2,1,1 1,1,3 1,2,2 1,2,1 3,1
y 9 3,1 3,1 15 2,2,2,2 2,2,2,2 4,15 1,1,1,1,1 8,3,2 6,3,2 4,3,2 6,5 2,1,2,2 2,1,2,2 1,5,1

[Elephant]
Author Alex
Site http://www.playtsunami.com/
x 9 11,3 12,5 10,5 9,6 6,5 3,5 1,2,3 1,1,6 1,9 1,2,3 1,2 2,1,3 4,5 6,5 9,6 10,5 11,5 10,3 8
y 3,3 5,5 6,7 7,2,7 9,9 7,8 6,6 5,2,2,5 5,1,1,5 4,4 3,2,2 2,3 2 2 3,2,3 5,2,5 5,3,5 7,2,7 7,2,7 2,1,2,2,1,2

[Factory]
Author Archie
Site http://www.playtsunami.com/
x 0 8 3 1,5 1,3 1,3 1,6 1,3 1,5 1,3
y 1,1,1 1,1,1,1,1 1 1,1 1,1,1,1 1,1,1,1 9 9 9 0

[First Aid]
Author Andrew Page
Site http://www.playtsunami.com/
x 9 2,1 1,1 8,1 2,1,1 2,1,1 1,7,1 1,1,1,2,1 1,1,1,2,1 1,1,1,6,1 1,1,1,6,1 1,2,1,2,1 1,1,1,2,1 1,7,1 2,1,1 2,1,1 8,1 1,1 2,1 9
y 6 2,2 2,2 2,4,2 1,2,3,1 1,1,1,1 1,1,1,1 1,1,1,1 2,8,2 1,1,1,1,1,1 1,4,4,1 1,1 1,2,1 1,2,1 1,6,1 1,6,1 1,2,1 1,2,1 1,1 20

[Friend Together]
Author Henkku
Site http://www.playtsunami.com/
x 1 1 3,6 1,6 3,6 1 1 0 1 1 3,6 1,6 3,6 1 1
y 3,3 1,1,1,1 3,3 1,1 3,3 7,7 3,3 3,3 1,1,1,1 1,1,1,1

[Goalie]
Author Smudge
Site http://www.playtsunami.com/
x 0 14 1 1 1 1 1,1 1,1 1,3,1,5 2,4 2,4 1,3,1,5 1,1 1,1 1 1 1 1 14 0
y 0 18 1,2,1 1,1,1,1 1,1,1,1 1,1,1,1 1,2,1 1,8,1 1,2,1 1,2,1 1,1,1,1 1,1,1,1 1,1,1,1 1,1,1,1 1,1,1,1

[Grin And Bear It]
Author Tim
Site http://www.playtsunami.com/
x 8,4 7,3 1,3,4 2,4,1 2,1 1,1 1,1,1,1,1,1 1,4,3 1,1,1,1,1,1 1,1 2,1 2,4,1 1,3,4 7,3 8,4
y 3,3,3 2,1,1,2 2,1,1,1,1,2 3,3 4,3,4 4,1,4 2,1,1,1,2 1,3,1 1,1 1,1 3,3 1,2,1,1,2,1 3,1,3 3,1,3 4,3,4

[Harlekin]
Author Joschi
Site http://www.playtsunami.com/
x 2 2 6 6,5 2,1,4 2,3,3 7,8,1 1,6,1,2,3 8,6 5,4,6 9,4 1,5 6 8 3
y 4 4 1,1,2 2,2,2 1,1,3 1,5 6 1,2,1 6 5,2 8 3,1,2,3 3,3,4 5,6 14 3,6,1 1,3,1 3 1,4 1,2

[Hedgehog]
Author Gail
Site http://www.playtsunami.com/
x 1,1,1,1 9,1 11,1 6,6 5,4 3,1,1 2,2,1 3,2,1 2,2,1 3,1,1 5,4 6,6 11,1 9,1 1,1,1,1
y 1,1,1,1 5,5 15 13 5,1,5 3,3 4,1,1,4 2,2 4,3,4 4,3,4 3,3 9 2,2 3,3 0

[Horse]
Author Dom
Site http://www.playtsunami.com/
x 2 3 2,1 5 7 4 3 3 4 6 3,1 1,2 3 1,1 3
y 5 1,1,1,1 2,1,3 1,2 10 2,8 7,1 2,2,1 1,1 1,1

[Jarhead]
Author Marvii
Site http://www.playtsunami.com/
x 6 7,6 8,2,4 2,2,2 3,1,1,2 3,1,2,1,1,1 4,1,4,1,1,1,1 4,1,1,1,1 4,1,4,1,1,1,1 3,1,2,1,1,1 3,1,1,2 2,2,2 8,2,4 7,6 6
y 13 13 2,7,2 2,3,2 2,2 2,3,3,2 3,3 1,1,3,3,1,1 1,2,2,1 1,1,1,1 1,1,1,1 2,1,1,2 2,3,2 3,3 1,1,5,1,1 1,1 2,3,2 2,2 3,3 1,7,1

[Kissy Face]
Author Doug
Site http://www.playtsunami.com/
x 9 4 3,2 2,1 2 1 1,1 3,2 6,2 2,1,1 1,3,1 1,2,2,2 3,4 4,1,1 6,2
y 1,4 1,3 4,3 2,2 1,1 1,1 3,1,1 4,4 5,1 2,4,4 1,2,1,2 1,1,1,1,1,1 1,2,3 1,2 1,1

[Lips]
Author Brittany
Site http://www.playtsunami.com/
x 5 5 5 5 5 5 5 5 5 5
y 10 10 10 10 10

[Love]
Author Chris
Site http://www.playtsunami.com/
x 20 16,1,1 2,6,1,2,2 13,2,1,1 6,3,1,5 5,7,1 4,6,1 4,4,1 4,5 5,4 6,2 5,4 4,5 1,1,7 1,2,2,3 1,2,7,2 6,8,2 2,1,9,3 3,16 2,1,15
y 13,1,4 14,5 2,10,1,1,1 2,15,1 2,3,3,2,1 2,2,1,4 4,3 4,3 4,3 5,4 6,5 6,5 2,1,2,6 3,4,7 2,1,3,1,2,2 9,2,2,2 1,1,6,3,2,2 2,2,1,2,4,3 1,1,2,13 5,1,12

[Marilyn]
Author Lebb
Site http://www.playtsunami.com/
x 1,1 7,3,2 1,1,10 15 6,6 1,3,1,1,2,3 4,1,2,3 3,1,2,1 3,3,1 1,1,1,1,1 2,5,1 3,1,2,1 1,1,2,2 1,1,1,2,2 2,1,1,2,3 1,1,3,3,5 2,3,10 1,2,13 17 3,12 11,1 13 14 9,2 0
y 3 3,2,2 2,2,4 1,3,1 2,2,4 1,1,2,1 2,3,2 4,2,3 5,2,3 3,1,3 5,4,2,4 4,9 8,12 6,4,8 2,7 3,1,7 1,1,1,9 2,3,9 2,1,8 2,5,6 2,2,2,6 3,3,5 3,7 2,5 11

[Monkey Cage]
Author Doug
Site http://www.playtsunami.com/
x 1,2,7 8,1 1,7,5 1,1,3 1,1,3 10,8 2,1,1,2 1,1,1,1 4,2,2,1 1,2,1 1,4 3,2 1,1,1 7,1,1,1 1,6,6 1,6,1,1 1,1,1,1,1 1,1,1,1,2 1,1,3,1 1,1,1,2
y 1,2,1 8,8 1,1,1 1,1,2,1 1,1,1,3 1,1,1,3 9,7 3,1,2 1,1,2 1,4,8 1,1,1,1,1 1,1,2,2 1,1,2 1,2,2,1 1,3,12 1,4,2,1 6,1,1 1,1,4,4 1,1,1,1 1,1,2

[Mu]
Author Yesnomaybe
Site http://www.playtsunami.com/
x 2 15 13 2 2 2 2 7 9 2
y 1,1 2,2 2,2 3,3 8 2,2,2 2,2 2,3 2,2 2 2 2 2 3 2

[Nemo]
Author Ems
Site http://www.playtsunami.com/
x 0 1,4 2,6 2,8 3,6 10 12 14 16 3,10,3 3,10,3 2,10,2 2,8,3 2,6,3 4,2 2 4 6 8 10
y 0 2,2 2,4 7 3,2 1,8,1 10,2 12,3 3,10,4 19 19 14,4 12,3 10,2 8,2,1 3,3 7 5 2 0

[Old Woman In Woods]
Author Anthony Roderick
Site http://www.playtsunami.com/
x 2,5 5,4 2,3,2,3 1,3,2,3,3 2,5,1,3,1 1,3,3,7 2,2,3,1,1 1,3,2,1,5 2,2,6 3,2,1 4,3,2 20 20 10,8 10,8
y 3,8 1,1,1,7 3,3,6 1,3,1,5 1,3,1,4 3,1,4 6,4 13 10 5 2 2 4,4 1,3,4 5,1,4 1,1,2,2,4 2,5,4 4,1,2,4 4,1,2,5 5,9

[Pc]
Author Pac
Site http://www.playtsunami.com/
x 7 14 15,2 2,13,3 1,12,2,1 1,12,2,2 1,11,2,3 1,11,2,4 3,2,2,4 2,2,2,4 10,2,4 2,4 2,4 1,1,1,2,4,1 1,1,1,1,1,4,2 1,1,1,1,5,3 1,1,1,1,4,4 1,1,1,1,3,5 1,1,1,1,2,6 1,1,1,1,1,7 1,1,1,1,8 1,1,3,9 1,5,10 7,11 7,11
y 11 2 8,12 2,3,3 2,2,1,12 7,1,4 7,1,12 7,1 7,1 7,1 7,1,7 7,2,2,4 9,2,4 8,2,4 7,2,4,2 6,2,4,3 5,2,4,4 3,2,4,5 1,2,4,6 1,2,4,7 1,2,4,8 1,2,4,9 1,6,10 1,11 1,12

[Phoney]
Author Tim
Site http://www.playtsunami.com/
x 2 4 5,3 5,6 5,8 4,9 4,3,3 3,3,2 3,2,2,1 3,2,4,1 3,2,4,1 3,2,2,1 3,3,2 4,3,3 4,9 5,8 5,6 5,3 4 2
y 12 16 18 7,7 5,6,5 3,8,3 3,3 3,3 2,2,2 3,4,3 3,4,3 4,2,4 5,5 6,6 14

[Potter's Studio]
Author Charan
Site http://www.playtsunami.com/
x 1,3 3,1,1 1,1,5,1,9 1,10,1 1,9,1 1,9,7 3,9,1 1,10,1 1,5,1,9 2,1,1,1 1,2,3 1,1,11 3,1,1,12 5,1,8 9,2 5,8 6,10 1,3 20 1 1,1,1,4 5,1,5,4,1 2,2,1 2,2,4,1 5,1,5,1,4
y 2,2,3,2,1 1,1,5,1,1 6,5,1,1 5,1,1 4,1,1 2,3,1,1,2,2 5,6,3,4 5,1,1 7,5,1 9,1,1 7,1,1,2,1 7,1,1,1,1 7,1,1,1,1 5,2,3,4 19,4 1,9 13,2,1 1,1,1,2,2,1 1,1,1,2,2,1,2,2 1,1,1,2,2,1,1,1 1,1,1,2,2,1,1,1 1,1,1,2,2,1,2,2 1,1,1,2,1,1,1,1 1,1,2,1,1,1 1,1,2,1,5

[Ring Ring]
Author Brownspot
Site http://www.playtsunami.com/
x 20 1,1 1,4,4,1 1,16,1 1,16,1 1,4,4,1 1,1 1,1 1,1 1,1 1,2,2,2,1 1,2,2,2,1 1,1 1,2,2,2,2,1 1,1,2,2,2,2,1 1,1,1 1,1,2,2,2,1 1,1,2,2,2,1 1,1 20
y 20 1,1 1,2,4,1 1,4,1 1,4,1 1,4,1 1,4,2,2,2,1 1,2,2,2,2,1 1,2,1 1,2,2,2,2,1 1,2,2,2,2,1 1,2,1 1,2,2,2,2,1 1,4,2,2,2,1 1,4,1 1,4,2,1 1,4,2,1 1,2,1 1,1 20

[Scotland]
Author Scots_lass
Site http://www.playtsunami.com/
x 6 1,4,1 2,2,2 3,3 4,4 4,4 3,3 2,2,2 1,4,1 6
y 8 6 1,4,1 2,2,2 3,3 3,3 2,2,2 1,4,1 6 8

[Ship Of The Desert]
Author Bob
Site http://www.playtsunami.com/
x 8,1 3,2,9,1 7,7 6,6 5,2,2 3,7 2,10 2,5,1,2 3,1,2 1,4,5 4,6 3 2,4 2,7 3,1,1 4,1,1 7,2 2,5,3 7,2,1 3,2,2 2,3 2,1,2,4 3,3,4 3,2,1,4 1,4,1,3
y 2,22 9,14 6,4,3,2,3 1,3,2,4,1,1 5,1,3,1 4,1,3,3 1,1,1,3,2 3,1,2,1 1,1,1 1 1 1 1 1 1,2 1,3,3 1,3,1 1,4,1,1 1,4,1,2,2,3 2,2,2,2,2,5 2,2,2,2,2,6 4,3,2,13 2,2,2 2,2,1 2,2,1

[Smile]
Author Nick Boyes
Site http://www.playtsunami.com/
x 7 5,2 9,2 5,1,6,2 4,1,8 3,4,3 3,1,1,2,3 3,1,2,2,2,3 3,8,2,1,1 3,1,5,2,1,1 3,1,6,2,1,1 3,4,2,2,3 3,1,1,2,3 3,1,2,3 3,4,8 6,8,2 9,2 5,5 7 8
y 12 14 15 3,2 2,2 16 2,1,1,1,1,2 2,1,2,2,2,2 3,10,2 2,3,3 2,3,1 1,5,1 2,5,2,1 1,2,1,1,2,2 1,2,7,2,2 1,2,5,2,3 1,2,2,3 1,11,3 8,9 20

[Snowflake]
Author Ems
Site http://www.playtsunami.com/
x 1,2,1,1,2,1 1,4,4,1 1,2,1,1,2,1 3,2,2,3 4,2,2,4 1,2,1,1,2,1 1,1,2,2,1,1 0 1,1,2,2,1,1 1,2,1,1,2,1 4,2,2,4 3,2,2,3 1,2,1,1,2,1 1,4,4,1 1,2,1,1,2,1
y 1,2,1,1,2,1 1,4,4,1 1,2,1,1,2,1 3,2,2,3 4,2,2,4 1,2,1,1,2,1 1,1,2,2,1,1 0 1,1,2,2,1,1 1,2,1,1,2,1 4,2,2,4 3,2,2,3 1,2,1,1,2,1 1,4,4,1 1,2,1,1,2,1

[Spooky]
Author Leisl
Site http://www.playtsunami.com/
x 5,5,4 1,4,3,3 2,4,2,3 8,1,2 2,2,1,2 1,2 2,1 1,3,1 1,5,1 2,2,1,7,1 2,2,4,2,1 3,3,4,1,1,1 8,4,2,2 7,6,3 5,12
y 2,8 1,2,6 1,3,4 2,2,3 4,1,1,3 3,1,1,2 3,3 3,3 1,3,3,1 2,2 5,4 3,6 1,7 8 4,2 3,2,1 1,3,1,1 3,3,2 6,3 15

[Strike One]
Author Dabomb
Site http://www.playtsunami.com/
x 1,4 1,1,1,3 1,1,4 1,1,3 1,1,4 1,1,1,3 1,1,4,1 1,1,1,3,2 1,3 2,1,4 1,3,4 2,1,1,5 14 5,4 4
y 1,1,1 1,1,1,1,2 1,1,1,1,2 1,1,1,1,1,2 1,1,1,1,5 1,1,1,1,2 8,4 8,1,2 8,1,1 1,1 2 6 7 8 9

[Symbol]
Author Jkwilks
Site http://www.playtsunami.com/
x 25 25 25 11,11 9,9 7,7 7,7 5,6 4,2,6 3,2,5 2,5 3,3,4 4,7,4 15,4 9,9 9,9 13,5 13,4 11,3 11,2 7,1 3 0 0 0
y 7 8 9 10 14 16 7,7 5,8 5,2,7 4,2,8 4,8 3,10 3,10 3,10 4,3,5 4,3,5 5,9 5,8 7,5 9,2 11,3 18 19 20 21

[Tears]
Author Lebb
Site http://www.playtsunami.com/
x 6 6 4,6 4,3,3,4 3,2,5,2,2 2,7,4,2 2,16,3 1,3,10,2 1,3,15,2 2,2,18 1,6,4,3 1,2,2,2 1,5,1,1,2,2 1,5,1,1,3,2 1,3,2,3,1,1 2,3,1,2,2,1 2,2,3,2,3 5,1,1,1,1,1 1,3,1,1,3 2,7,1,2,1 4,7,4,2 5,1,12,1 12,2,1 9,6 6,4
y 7 4,2,3 2,4,7 2,8,1,3 1,4,12 2,3,10,3 1,3,5,4,3 1,2,3,6 2,2,2,2,2,3 1,6,3,3,3 1,6,2,3 2,6,1,1,1,5 1,6,3,6 2,5,1,1,2 1,5,2,1,1 1,4,2,2,1 1,4,2,1 1,2,5,1 2,1,6,2,2 4,2,4,4,2,1 3,3,2,2,3,2 6,3,2,7 4,2,1,6,4 6,2,1,3,2 5,1,2,4

[The Guitarist]
Author Bethany
Site http://www.playtsunami.com/
x 16 19,1 5,5,2,4 3,18 9,7,4 2,7,7 2,8,1,5 2,1,1,4,2 1,1,6,2 2,6,2 4,2,1,1,1 3,2,1,1,1,2 5,2,1,2,1 4,2,1,2,2 3,2,1,2,5 1,4,1,1,2,2 5,1,1,1 5,2,1,1 1,3,2,1,1,1 3,1,3,2,1,2 4,1,5,2,2 2,3,1,2,7 19 18 2,4,6
y 16 4,6,2,3 4,1,11,1 4,2,2,2,4,3 6,2,2,5,3 2,8,3,3 6,3,2,2 2,7,2,3 11,3 9,2 4,3,6,6 5,1,3 5,1,5,7 2,2,3,6 2,2,1,2,2 2,2,1,1,2 2,4,5 2,4,1,1,4 4,3,10 6,2,2,5 2,3,2,1,4,4 6,3,1,1,2 1,4,4,2 3,3,2 1,5

[Train]
Author Dom
Site http://www.playtsunami.com/
x 2 4 3,1 4 5,1 1,4 4 1,6 1,1,3 5,1 1,4 1 5 1,1,1,1 1,5 3,1,2 2,5 2,1,1,1 1,5 1,1
y 2,1,2,1 1,4,1 1,1 1,4 1,1,1,7 7,2,1,1,1,1 10,1,1,1,1 20 2,1,4,1,1,3,1 1,1,1,1,1

[Under Sail]
Author Dom
Site http://www.playtsunami.com/
x 2,3,1,1 1,6,2 1,1,12,1 2,9,2,1 1,3,1 6,4,3 6,4,3,1 16 6,4,3 4,4,3,1 3 6,4,3,1 16,1 6,4,3,1 1,4,4,3 1,3 2,7,4,1 2,9,1 1,1,4,2,1 3,3,1,1
y 1,3,1,3 2,1,1,2,1 1,1,1,1,2 4,3 1,4,3 2,5,4 2,5,4,1 3,5,4,1 3,5,4,2 3,1,1,3 4,5,4,4 4,5,4,4 4,5,4,4 1,5,4,1 3,1,1,4 18 16 13 1,1 1,2,1,1,3,2,1

[Who Am I?]
Author Dino
Site http://www.playtsunami.com/
x 1 9 4 3,1,1,5 6,1,1 3,1,1,5 4 9 1 0
y 1 3 5 7 3,1,3 7 1,1 1,1,1,1 1,1,1 1,1 1,3,1 1,1,1,1 1,1 1,1 1,1

[Yoyo]
Author Lemmyk
Site http://www.playtsunami.com/
x 7 2,2 9 2,2 6,3,1 2,1,5,1 1,1,3,1 1,2,2 1,7 2 7 2 6,1 1,4 6
y 5,3 2,2,1,1 1,1,1,1 1,1,1,1 1,1,1,1 1,1,3 7,1,1 4,2,2,1 1,1,1,1,3 1,1,3,1 1,1,3,1 1,1,3,1 1,1,1,1 4,2 7

